# Classification_Status TrueLabel PredictedLabel Conf_Class0 Conf_Class1 Conf_Class2 Conf_Class3
Correct 0 0 0.3391706645488739 0.2396603673696518 0.3078189194202423 0.11335010081529617
Correct 0 0 0.32988637685775757 0.25909626483917236 0.30051547288894653 0.11050184071063995
Correct 0 0 0.3640831708908081 0.23857037723064423 0.2908869981765747 0.10645941644906998
Correct 0 0 0.3273202180862427 0.25799310207366943 0.2929973304271698 0.12168943881988525
Correct 0 0 0.3615846037864685 0.24040700495243073 0.28838568925857544 0.1096227690577507
Correct 0 0 0.3632484972476959 0.23088356852531433 0.2914234697818756 0.11444448679685593
Correct 0 0 0.3475014865398407 0.24799641966819763 0.29625850915908813 0.10824360698461533
Correct 0 0 0.3564179837703705 0.2486172765493393 0.282967746257782 0.11199697852134705
Correct 0 0 0.351214736700058 0.24500374495983124 0.2972988784313202 0.10648265480995178
Correct 0 0 0.36165565252304077 0.24740496277809143 0.29013875126838684 0.10080064088106155
Correct 0 0 0.3466287851333618 0.2353385090827942 0.30508342385292053 0.11294922232627869
Incorrect 0 2 0.23693883419036865 0.2874653935432434 0.31327012181282043 0.16232572495937347
Correct 0 0 0.352120041847229 0.24850521981716156 0.29484817385673523 0.10452651232481003
Correct 0 0 0.32022690773010254 0.2684211730957031 0.29366734623908997 0.11768455803394318
Correct 0 0 0.3370140790939331 0.2580932676792145 0.29181018471717834 0.11308246850967407
Correct 0 0 0.32100263237953186 0.26142850518226624 0.29067373275756836 0.12689505517482758
Correct 0 0 0.3343689739704132 0.24214603006839752 0.31068041920661926 0.1128045991063118
Correct 0 0 0.34078630805015564 0.25217822194099426 0.2931637167930603 0.11387171596288681
Correct 0 0 0.31113117933273315 0.25554564595222473 0.289811909198761 0.14351123571395874
Incorrect 0 2 0.2736995220184326 0.23327131569385529 0.32544100284576416 0.16758815944194794
Correct 0 0 0.35757479071617126 0.2427034080028534 0.2928624749183655 0.10685937106609344
Correct 0 0 0.33736956119537354 0.2536478340625763 0.30015549063682556 0.1088271290063858
Correct 0 0 0.3468673527240753 0.24020402133464813 0.3036872446537018 0.10924141108989716
Correct 0 0 0.3515484929084778 0.24442565441131592 0.29146015644073486 0.11256570369005203
Correct 0 0 0.3565067946910858 0.24869389832019806 0.29473012685775757 0.10006915777921677
Correct 0 0 0.33423885703086853 0.2513614296913147 0.28801020979881287 0.1263894885778427
Correct 0 0 0.3343706429004669 0.25993743538856506 0.28553900122642517 0.12015294283628464
Correct 0 0 0.3613865077495575 0.2441818118095398 0.29527750611305237 0.09915416687726974
Correct 0 0 0.34408557415008545 0.2552832365036011 0.2957359552383423 0.10489528626203537
Correct 0 0 0.3584275245666504 0.23959596455097198 0.28840523958206177 0.11357127875089645
Correct 0 0 0.3465007245540619 0.2414848357439041 0.302063524723053 0.10995085537433624
Correct 0 0 0.35877126455307007 0.24287955462932587 0.2934796214103699 0.10486955940723419
Incorrect 0 2 0.22932550311088562 0.2431555688381195 0.33135226368904114 0.19616667926311493
Correct 0 0 0.3138544261455536 0.2555517554283142 0.3114730715751648 0.11912080645561218
Correct 0 0 0.3576962351799011 0.2358972281217575 0.2979051470756531 0.10850129276514053
Correct 0 0 0.3630966544151306 0.24424152076244354 0.286853551864624 0.10580825060606003
Incorrect 0 2 0.20957829058170319 0.23118409514427185 0.3098646104335785 0.2493729442358017
Correct 0 0 0.31518101692199707 0.23980146646499634 0.2979760766029358 0.1470414102077484
Correct 0 0 0.2890838384628296 0.2848014831542969 0.2887386679649353 0.13737604022026062
Correct 0 0 0.33723220229148865 0.26212260127067566 0.28715986013412476 0.11348536610603333
Correct 0 0 0.35222509503364563 0.23072724044322968 0.30323129892349243 0.11381635814905167
Correct 0 0 0.32901862263679504 0.23771187663078308 0.3071569502353668 0.12611258029937744
Correct 0 0 0.3559456169605255 0.24136200547218323 0.29362213611602783 0.10907025635242462
Correct 0 0 0.3453952372074127 0.24385429918766022 0.30024582147598267 0.11050469428300858
Correct 0 0 0.3288697302341461 0.24807390570640564 0.30899742245674133 0.11405884474515915
Correct 0 0 0.34379225969314575 0.2547667920589447 0.29054024815559387 0.11090071499347687
Correct 0 0 0.342381089925766 0.24438734352588654 0.28758907318115234 0.12564247846603394
Correct 0 0 0.3297147750854492 0.25598886609077454 0.2994579076766968 0.11483845114707947
Correct 0 0 0.36192190647125244 0.23761743307113647 0.29470568895339966 0.10575497150421143
Correct 0 0 0.354320764541626 0.24344252049922943 0.29349806904792786 0.10873867571353912
Correct 0 0 0.33290278911590576 0.25159770250320435 0.30504029989242554 0.11045918613672256
Correct 0 0 0.31941765546798706 0.26463812589645386 0.2893325984477997 0.1266116052865982
Correct 0 0 0.3092610836029053 0.2530282735824585 0.3005797266960144 0.13713090121746063
Incorrect 0 1 0.1873323619365692 0.3580884337425232 0.25529247522354126 0.19928666949272156
Correct 0 0 0.34972822666168213 0.2507185935974121 0.2957002520561218 0.10385295748710632
Incorrect 0 2 0.2808464467525482 0.23167189955711365 0.3197346329689026 0.16774708032608032
Correct 0 0 0.3570355176925659 0.2386520951986313 0.29991841316223145 0.10439401119947433
Correct 0 0 0.3659569323062897 0.23185878992080688 0.29657939076423645 0.10560491681098938
Correct 0 0 0.34051236510276794 0.23955793678760529 0.306855708360672 0.1130739375948906
Incorrect 0 2 0.26077792048454285 0.27375707030296326 0.2978827953338623 0.16758225858211517
Incorrect 0 2 0.20615068078041077 0.22920167446136475 0.3453535735607147 0.21929408609867096
Correct 0 0 0.34075745940208435 0.2544834017753601 0.3008003532886505 0.10395881533622742
Incorrect 0 2 0.2939298450946808 0.245666965842247 0.30970513820648193 0.15069805085659027
Correct 0 0 0.36606812477111816 0.24774950742721558 0.2837541997432709 0.10242819041013718
Correct 0 0 0.34563812613487244 0.24738076329231262 0.29162105917930603 0.1153600886464119
Incorrect 0 1 0.11946535110473633 0.3731593191623688 0.2663353681564331 0.24104002118110657
Correct 0 0 0.3369388282299042 0.2384195774793625 0.31144264340400696 0.11319901049137115
Correct 0 0 0.35437339544296265 0.2369813323020935 0.29568758606910706 0.11295770108699799
Incorrect 0 1 0.2277987152338028 0.28138601779937744 0.262768030166626 0.22804725170135498
Correct 0 0 0.35896140336990356 0.2433679699897766 0.290198415517807 0.10747220367193222
Correct 0 0 0.3096897304058075 0.2604665458202362 0.2865140736103058 0.1433296650648117
Correct 0 0 0.3486505448818207 0.25109824538230896 0.29505103826522827 0.10520020872354507
Correct 0 0 0.3366549015045166 0.2354927361011505 0.31434735655784607 0.11350502818822861
Correct 0 0 0.3423791825771332 0.2542558014392853 0.2925136983394623 0.11085131019353867
Correct 0 0 0.3557281494140625 0.25237470865249634 0.28496024012565613 0.10693692415952682
Correct 0 0 0.3250516653060913 0.25646597146987915 0.29973772168159485 0.1187446266412735
Correct 0 0 0.304587185382843 0.26490268111228943 0.2900656461715698 0.14044448733329773
Correct 0 0 0.34143659472465515 0.2528476417064667 0.2946910560131073 0.11102477461099625
Correct 0 0 0.3206758201122284 0.251650333404541 0.2945905029773712 0.13308334350585938
Correct 0 0 0.3336547017097473 0.24982576072216034 0.2807534635066986 0.13576599955558777
Correct 0 0 0.34657764434814453 0.25429680943489075 0.2868753671646118 0.1122501865029335
Correct 0 0 0.33248862624168396 0.2498517632484436 0.2942047119140625 0.12345491349697113
Incorrect 0 2 0.24620600044727325 0.3047496974468231 0.3130556046962738 0.13598868250846863
Correct 0 0 0.35604360699653625 0.23550176620483398 0.30185356736183167 0.10660108178853989
Correct 0 0 0.34863749146461487 0.24146594107151031 0.30057597160339355 0.10932057350873947
Correct 0 0 0.34610313177108765 0.24574564397335052 0.29644450545310974 0.11170678585767746
Correct 0 0 0.34887775778770447 0.24197964370250702 0.2989681363105774 0.11017441749572754
Correct 0 0 0.3398590087890625 0.24834690988063812 0.3060896396636963 0.10570438951253891
Correct 0 0 0.32664239406585693 0.24843333661556244 0.3003539443016052 0.12457030266523361
Correct 0 0 0.32899031043052673 0.2610528767108917 0.2993166446685791 0.11064019054174423
Correct 0 0 0.33423301577568054 0.247727632522583 0.3103271722793579 0.10771216452121735
Incorrect 0 1 0.1577981561422348 0.3472749888896942 0.27950966358184814 0.21541713178157806
Correct 0 0 0.32025009393692017 0.2630830407142639 0.28893935680389404 0.12772750854492188
Correct 0 0 0.34416186809539795 0.24520520865917206 0.29635944962501526 0.1142735406756401
Correct 0 0 0.3597051501274109 0.23615914583206177 0.29722529649734497 0.10691042244434357
Correct 0 0 0.30699801445007324 0.2650168836116791 0.28711816668510437 0.1408669352531433
Correct 0 0 0.36661848425865173 0.2348516434431076 0.29683807492256165 0.1016918271780014
Correct 0 0 0.34255340695381165 0.24335695803165436 0.30670303106307983 0.10738660395145416
Correct 0 0 0.3360605239868164 0.24213263392448425 0.30025166273117065 0.12155518680810928
Correct 0 0 0.36241257190704346 0.2454419583082199 0.2906675934791565 0.10147786140441895
Correct 0 0 0.363525927066803 0.24334509670734406 0.28626954555511475 0.10685939341783524
Correct 0 0 0.3048914670944214 0.27198657393455505 0.28462323546409607 0.1384987235069275
Correct 0 0 0.36028024554252625 0.23658853769302368 0.3018571734428406 0.1012740433216095
Correct 0 0 0.36011308431625366 0.23682937026023865 0.29856765270233154 0.10448991507291794
Correct 0 0 0.32939791679382324 0.2418680191040039 0.30766844749450684 0.12106561660766602
Correct 0 0 0.328996866941452 0.23844240605831146 0.2871815860271454 0.14537914097309113
Correct 0 0 0.3451264500617981 0.24403971433639526 0.3004947900772095 0.11033902317285538
Correct 0 0 0.31940585374832153 0.2553715407848358 0.29649606347084045 0.128726527094841
Correct 0 0 0.3681292235851288 0.24238838255405426 0.28334841132164 0.10613397508859634
Correct 0 0 0.3013969957828522 0.27972501516342163 0.26759710907936096 0.15128085017204285
Correct 0 0 0.34700360894203186 0.2546445429325104 0.2842557430267334 0.11409610509872437
Correct 0 0 0.3539430797100067 0.2594064176082611 0.28495359420776367 0.1016969308257103
Correct 0 0 0.32391154766082764 0.23917287588119507 0.30703768134117126 0.12987783551216125
Incorrect 0 2 0.23894189298152924 0.2477782815694809 0.3076745271682739 0.20560525357723236
Correct 0 0 0.3439541161060333 0.24423356354236603 0.30194342136383057 0.10986892879009247
Correct 0 0 0.37415802478790283 0.23515120148658752 0.29182741045951843 0.09886331111192703
Correct 0 0 0.3494681119918823 0.2400231510400772 0.2937096655368805 0.11679909378290176
Correct 0 0 0.3318127989768982 0.2579522430896759 0.28876620531082153 0.12146877497434616
Correct 0 0 0.3470294773578644 0.2546146512031555 0.291138619184494 0.10721728205680847
Correct 0 0 0.35710203647613525 0.24186265468597412 0.3011667728424072 0.09986860305070877
Incorrect 0 1 0.2573527693748474 0.2870498597621918 0.2844642698764801 0.17113308608531952
Correct 0 0 0.2806231677532196 0.2716272473335266 0.2756667137145996 0.17208287119865417
Incorrect 1 2 0.18931719660758972 0.27372321486473083 0.3448925018310547 0.19206708669662476
Incorrect 2 1 0.1565438061952591 0.3089251220226288 0.28410714864730835 0.2504239082336426
Correct 3 3 0.09520045667886734 0.28909868001937866 0.15826745331287384 0.4574333727359772
