# Classification_Status TrueLabel PredictedLabel Conf_Class0 Conf_Class1 Conf_Class2 Conf_Class3
Correct 0 0 0.44577664136886597 0.1639137715101242 0.384377658367157 0.0059319352731108665
Correct 0 0 0.4364338517189026 0.19067001342773438 0.36724039912223816 0.0056556942872703075
Correct 0 0 0.5563801527023315 0.13556084036827087 0.30436208844184875 0.0036969268694519997
Correct 0 0 0.4032208025455475 0.22844520211219788 0.36047354340553284 0.007860450074076653
Correct 0 0 0.5121521949768066 0.1548939049243927 0.32881900668144226 0.004134851042181253
Correct 0 0 0.5285770297050476 0.14534303545951843 0.32153621315956116 0.004543749615550041
Correct 0 0 0.5001761317253113 0.16450677812099457 0.3311607241630554 0.004156376700848341
Correct 0 0 0.5038636922836304 0.17006346583366394 0.32147517800331116 0.004597680177539587
Correct 0 0 0.45742854475975037 0.17805810272693634 0.35953575372695923 0.004977609030902386
Correct 0 0 0.562920331954956 0.14927278459072113 0.28467056155204773 0.0031363279558718204
Correct 0 0 0.5052483677864075 0.14542405307292938 0.3448406755924225 0.004486926831305027
Incorrect 0 2 0.1455984264612198 0.30664294958114624 0.5334407687187195 0.014317885041236877
Correct 0 0 0.4898345172405243 0.1573789119720459 0.34872522950172424 0.004061337094753981
Correct 0 0 0.42257142066955566 0.21944163739681244 0.3518234193325043 0.006163541693240404
Correct 0 0 0.42739632725715637 0.21156592667102814 0.35465338826179504 0.00638433126732707
Correct 0 0 0.41127273440361023 0.2085365653038025 0.3735519051551819 0.006638829130679369
Correct 0 0 0.43734946846961975 0.19199447333812714 0.3655010461807251 0.005154931917786598
Correct 0 0 0.493144690990448 0.18534038960933685 0.3157535493373871 0.0057614329271018505
Correct 0 0 0.38839250802993774 0.2122444063425064 0.38614124059677124 0.013221814297139645
Incorrect 0 2 0.30742108821868896 0.21877162158489227 0.45850974321365356 0.015297644771635532
Correct 0 0 0.5071082711219788 0.16551558673381805 0.32353344559669495 0.0038427545223385096
Correct 0 0 0.4690006673336029 0.16608186066150665 0.3603200316429138 0.004597440827637911
Correct 0 0 0.5072132349014282 0.15527023375034332 0.33315032720565796 0.004366233479231596
Correct 0 0 0.5113160610198975 0.16693997383117676 0.3166795074939728 0.0050644357688724995
Correct 0 0 0.49545857310295105 0.17098794877529144 0.32946664094924927 0.0040868488140404224
Correct 0 0 0.4826078712940216 0.17500169575214386 0.33642199635505676 0.005968455225229263
Correct 0 0 0.4103894531726837 0.21657966077327728 0.366371214389801 0.00665968656539917
Correct 0 0 0.5496956706047058 0.14034321904182434 0.30710771679878235 0.002853399608284235
Correct 0 0 0.4962286353111267 0.18137477338314056 0.31828048825263977 0.004116148222237825
Correct 0 0 0.5114237070083618 0.15610414743423462 0.32760101556777954 0.004871169570833445
Correct 0 0 0.465294748544693 0.1656419038772583 0.364055335521698 0.005008048377931118
Correct 0 0 0.5015732049942017 0.16718265414237976 0.32697007060050964 0.004274007398635149
Incorrect 0 2 0.19148750603199005 0.31021761894226074 0.4726414680480957 0.025653447955846786
Correct 0 0 0.41951632499694824 0.19146683812141418 0.38371044397354126 0.005306408274918795
Correct 0 0 0.5234458446502686 0.14970584213733673 0.32257139682769775 0.004276909865438938
Correct 0 0 0.5471615195274353 0.14705081284046173 0.30199939012527466 0.0037882914766669273
Incorrect 0 2 0.13794869184494019 0.31165987253189087 0.5039083957672119 0.046483106911182404
Correct 0 0 0.382295697927475 0.22562870383262634 0.38134002685546875 0.010735608637332916
Incorrect 0 2 0.27625560760498047 0.29580092430114746 0.41682854294776917 0.011114931665360928
Correct 0 0 0.4872719645500183 0.18914440274238586 0.3188647925853729 0.004718873184174299
Correct 0 0 0.4836520254611969 0.1509646773338318 0.3609500527381897 0.004433164373040199
Correct 0 0 0.45530733466148376 0.18336611986160278 0.3542318344116211 0.007094660773873329
Correct 0 0 0.475410521030426 0.17387919127941132 0.3456004858016968 0.005109764635562897
Correct 0 0 0.5788698792457581 0.13967135548591614 0.27772101759910583 0.0037377248518168926
Correct 0 0 0.41810205578804016 0.18672072887420654 0.3885684609413147 0.006608725991100073
Correct 0 0 0.4429820775985718 0.2069063037633896 0.3443322479724884 0.005779452156275511
Correct 0 0 0.4499555230140686 0.20204228162765503 0.34026259183883667 0.007739593740552664
Correct 0 0 0.4583434462547302 0.18174220621585846 0.3542647659778595 0.005649634171277285
Correct 0 0 0.5637713074684143 0.14159062504768372 0.2912856340408325 0.0033525177277624607
Correct 0 0 0.5571712255477905 0.14752599596977234 0.29165324568748474 0.0036495430395007133
Correct 0 0 0.4473385214805603 0.18113216757774353 0.3667871952056885 0.004742163233458996
Correct 0 0 0.3907417058944702 0.24561181664466858 0.35559800267219543 0.00804850086569786
Incorrect 0 2 0.3724893629550934 0.2406674176454544 0.376721054315567 0.010122169740498066
Incorrect 0 1 0.06573063880205154 0.4581395387649536 0.4512045085430145 0.024925248697400093
Correct 0 0 0.4499504566192627 0.1922421157360077 0.3531245291233063 0.00468292273581028
Incorrect 0 2 0.30802059173583984 0.25163570046424866 0.42691272497177124 0.013430987484753132
Correct 0 0 0.5483548641204834 0.14746741950511932 0.3007965087890625 0.0033812106121331453
Correct 0 0 0.5350909233093262 0.134660005569458 0.3262452483177185 0.004003752954304218
Correct 0 0 0.5038772821426392 0.1540677398443222 0.33682680130004883 0.0052282135002315044
Incorrect 0 2 0.27444759011268616 0.30186522006988525 0.40942496061325073 0.0142621835693717
Incorrect 0 2 0.13646188378334045 0.3074702024459839 0.5209677815437317 0.03510009124875069
Correct 0 0 0.5062256455421448 0.16973386704921722 0.3209064304828644 0.003134141443297267
Incorrect 0 2 0.39942410588264465 0.1886059194803238 0.40370848774909973 0.008261448703706264
Correct 0 0 0.5190761685371399 0.17480964958667755 0.3017863929271698 0.004327776376157999
Correct 0 0 0.4969300627708435 0.17163944244384766 0.3264787495136261 0.004951756913214922
Incorrect 0 1 0.008280848152935505 0.48836883902549744 0.38241663575172424 0.12093372642993927
Correct 0 0 0.45327919721603394 0.16566425561904907 0.37662380933761597 0.004432653076946735
Correct 0 0 0.46852120757102966 0.18077462911605835 0.3455979526042938 0.005106236319988966
Incorrect 0 1 0.13551664352416992 0.39164185523986816 0.3423519432544708 0.1304895579814911
Correct 0 0 0.5405564904212952 0.1462467461824417 0.3097425699234009 0.0034541708882898092
Correct 0 0 0.3954850435256958 0.2411879599094391 0.3524411618709564 0.010885816998779774
Correct 0 0 0.46739768981933594 0.1766536384820938 0.35177746415138245 0.004171197302639484
Correct 0 0 0.5029867887496948 0.14980414509773254 0.34344202280044556 0.0037669935263693333
Correct 0 0 0.47829970717430115 0.18299314379692078 0.33368659019470215 0.005020556040108204
Correct 0 0 0.4898330271244049 0.1714354306459427 0.33444687724113464 0.004284652415663004
Correct 0 0 0.43515127897262573 0.21818098425865173 0.3405362069606781 0.006131591275334358
Incorrect 0 2 0.37055087089538574 0.24567508697509766 0.3716125786304474 0.012161437422037125
Correct 0 0 0.4843033254146576 0.1950179636478424 0.31561318039894104 0.005065471865236759
Correct 0 0 0.45852693915367126 0.18414519727230072 0.35096046328544617 0.006367424502968788
Correct 0 0 0.43922728300094604 0.19760723412036896 0.353653222322464 0.009512300603091717
Correct 0 0 0.4809751510620117 0.1896371841430664 0.3245301842689514 0.004857446998357773
Correct 0 0 0.4446655213832855 0.18717679381370544 0.36160898208618164 0.006548637989908457
Incorrect 0 2 0.2215137928724289 0.36316660046577454 0.4008118808269501 0.014507697895169258
Correct 0 0 0.5173121690750122 0.13543197512626648 0.34385955333709717 0.0033963480964303017
Correct 0 0 0.48970016837120056 0.1697307676076889 0.3357481062412262 0.004820873029530048
Correct 0 0 0.4619772434234619 0.16622254252433777 0.36654049158096313 0.005259691271930933
Correct 0 0 0.4944748878479004 0.16119499504566193 0.3398601710796356 0.004469905514270067
Correct 0 0 0.4592496454715729 0.16232652962207794 0.3740069568157196 0.004416907671838999
Correct 0 0 0.407698392868042 0.21673838794231415 0.36883437633514404 0.006728877779096365
Correct 0 0 0.3935020864009857 0.22029773890972137 0.38023170828819275 0.005968492478132248
Correct 0 0 0.41591429710388184 0.18854965269565582 0.39008182287216187 0.005454216152429581
Incorrect 0 1 0.03946252167224884 0.5695833563804626 0.3048926889896393 0.08606141060590744
Incorrect 0 2 0.373312383890152 0.23322656750679016 0.38516485691070557 0.008296189829707146
Correct 0 0 0.4715902507305145 0.1629311591386795 0.3612452447414398 0.004233298823237419
Correct 0 0 0.516651451587677 0.15301965177059174 0.32676079869270325 0.0035680443979799747
Incorrect 0 2 0.35005033016204834 0.25770124793052673 0.37940317392349243 0.012845237739384174
Correct 0 0 0.44999098777770996 0.1670474410057068 0.3786683976650238 0.004293098580092192
Correct 0 0 0.4680924415588379 0.16547195613384247 0.36188337206840515 0.0045523191802203655
Correct 0 0 0.4512454569339752 0.18633106350898743 0.3568118214607239 0.005611712578684092
Correct 0 0 0.5454723238945007 0.14628414809703827 0.304962694644928 0.0032807947136461735
Correct 0 0 0.539034366607666 0.14404994249343872 0.3135678768157959 0.0033478133846074343
Incorrect 0 2 0.3277311623096466 0.2536099851131439 0.40801095962524414 0.01064796932041645
Correct 0 0 0.5278812646865845 0.14051489531993866 0.328252375125885 0.0033513992093503475
Correct 0 0 0.5518122315406799 0.1357879638671875 0.30904772877693176 0.003352123312652111
Correct 0 0 0.47341012954711914 0.1511686146259308 0.37078988552093506 0.004631387069821358
Correct 0 0 0.4622327387332916 0.19101589918136597 0.3372066617012024 0.009544739499688148
Correct 0 0 0.48506560921669006 0.1652538925409317 0.3452906012535095 0.004389938898384571
Correct 0 0 0.44339603185653687 0.2094854712486267 0.3396831452846527 0.007435328792780638
Correct 0 0 0.4969623386859894 0.16518427431583405 0.3329993784427643 0.004854006227105856
Incorrect 0 2 0.3224424719810486 0.28473320603370667 0.37815624475479126 0.01466811541467905
Correct 0 0 0.494040846824646 0.18093906342983246 0.31971243023872375 0.005307722836732864
Correct 0 0 0.5326492190361023 0.1713230162858963 0.29231831431388855 0.003709440818056464
Correct 0 0 0.43351247906684875 0.19496208429336548 0.36327698826789856 0.008248464204370975
Incorrect 0 2 0.19424323737621307 0.31101274490356445 0.46484774351119995 0.02989625558257103
Correct 0 0 0.49711036682128906 0.15705451369285583 0.3416990637779236 0.004136060830205679
Correct 0 0 0.5855348706245422 0.13404260575771332 0.277334064245224 0.0030884870793670416
Correct 0 0 0.5141065120697021 0.15448406338691711 0.32622629404067993 0.005183089524507523
Correct 0 0 0.4102073907852173 0.22143453359603882 0.3616207540035248 0.006737242452800274
Correct 0 0 0.45567530393600464 0.18018732964992523 0.359163761138916 0.004973596893250942
Correct 0 0 0.5115328431129456 0.14247669279575348 0.34280452132225037 0.0031859297305345535
Incorrect 0 2 0.21631191670894623 0.32306382060050964 0.44026514887809753 0.020359128713607788
Incorrect 0 2 0.24907580018043518 0.3302095830440521 0.39517369866371155 0.025540892034769058
Incorrect 1 2 0.09392516314983368 0.4367559254169464 0.45836642384529114 0.010952537879347801
Incorrect 2 1 0.043229732662439346 0.510284960269928 0.3697630763053894 0.07672221213579178
Correct 3 3 0.0007049372652545571 0.09161285310983658 0.023792805150151253 0.883889377117157
