# Classification_Status TrueLabel PredictedLabel Conf_Class0 Conf_Class1 Conf_Class2 Conf_Class3
Correct 0 0 0.5384372472763062 0.18531197309494019 0.25864309072494507 0.017607754096388817
Correct 0 0 0.5194106101989746 0.20388783514499664 0.25900086760520935 0.017700688913464546
Correct 0 0 0.5897864103317261 0.17023105919361115 0.2259960174560547 0.013986475765705109
Correct 0 0 0.4942360520362854 0.22630569338798523 0.2570297122001648 0.02242852747440338
Correct 0 0 0.579236626625061 0.17000433802604675 0.2355259209871292 0.015233173966407776
Correct 0 0 0.5715694427490234 0.17278674244880676 0.2389107644557953 0.016733065247535706
Correct 0 0 0.5608030557632446 0.1815367043018341 0.24233175814151764 0.015328469686210155
Correct 0 0 0.5587692260742188 0.1856861114501953 0.23834069073200226 0.017203934490680695
Correct 0 0 0.5577219128608704 0.1789102703332901 0.2471972107887268 0.016170617192983627
Correct 0 0 0.5832109451293945 0.1812347024679184 0.22269266843795776 0.012861671857535839
Correct 0 0 0.5526456832885742 0.17434574663639069 0.2569268047809601 0.016081752255558968
Incorrect 0 2 0.28293395042419434 0.3109450042247772 0.3677043616771698 0.03841665759682655
Correct 0 0 0.567793607711792 0.17540453374385834 0.24196308851242065 0.014838793314993382
Correct 0 0 0.48835206031799316 0.22945183515548706 0.2622809112071991 0.019915234297513962
Correct 0 0 0.5369905233383179 0.20115937292575836 0.24414768815040588 0.017702436074614525
Correct 0 0 0.5063100457191467 0.2171383500099182 0.25455352663993835 0.02199806086719036
Correct 0 0 0.5163269639015198 0.20542071759700775 0.26189714670181274 0.016355132684111595
Correct 0 0 0.5614805221557617 0.1888788789510727 0.2315102070569992 0.018130406737327576
Correct 0 0 0.49308478832244873 0.21697033941745758 0.25685980916023254 0.033085066825151443
Correct 0 0 0.39678120613098145 0.2510126829147339 0.31312263011932373 0.03908348083496094
Correct 0 0 0.5721989274024963 0.17744337022304535 0.23601417243480682 0.014343581162393093
Correct 0 0 0.5329880118370056 0.1912231594324112 0.2595416009426117 0.016247276216745377
Correct 0 0 0.5607796907424927 0.17820584774017334 0.2452922761440277 0.015722131356596947
Correct 0 0 0.5623804926872253 0.18501412868499756 0.23602908849716187 0.016576284542679787
Correct 0 0 0.5722491145133972 0.18062947690486908 0.23315033316612244 0.01397106982767582
Correct 0 0 0.5343093276023865 0.19822873175144196 0.24704194068908691 0.02042003907263279
Correct 0 0 0.5163034796714783 0.213288351893425 0.24933113157749176 0.02107703685760498
Correct 0 0 0.5780353546142578 0.172460675239563 0.2373681664466858 0.012135794386267662
Correct 0 0 0.5447632074356079 0.19593915343284607 0.24403312802314758 0.015264476649463177
Correct 0 0 0.5744855403900146 0.17512615025043488 0.2325602024793625 0.017828064039349556
Correct 0 0 0.5471334457397461 0.17950163781642914 0.2567240595817566 0.01664084941148758
Correct 0 0 0.582495391368866 0.1719413846731186 0.23126888275146484 0.014294330962002277
Incorrect 0 1 0.28062668442726135 0.3331387937068939 0.3305499851703644 0.05568454787135124
Correct 0 0 0.4896279275417328 0.21066561341285706 0.28085002303123474 0.018856460228562355
Correct 0 0 0.5778648257255554 0.16810740530490875 0.23863886296749115 0.015388883650302887
Correct 0 0 0.5964483618736267 0.16836123168468475 0.22134864330291748 0.013841760344803333
Incorrect 0 1 0.2192351371049881 0.3524828553199768 0.3340931832790375 0.09418883174657822
Correct 0 0 0.46939748525619507 0.23760148882865906 0.2639368772506714 0.0290641188621521
Correct 0 0 0.4082772135734558 0.2746374011039734 0.28674212098121643 0.03034326434135437
Correct 0 0 0.5542014241218567 0.19836609065532684 0.2309652715921402 0.016467232257127762
Correct 0 0 0.5405257940292358 0.17601454257965088 0.26658788323402405 0.0168717410415411
Correct 0 0 0.526762068271637 0.19788457453250885 0.2547008991241455 0.020652446895837784
Correct 0 0 0.5641586184501648 0.18497459590435028 0.23457689583301544 0.01628989912569523
Correct 0 0 0.580634593963623 0.17642435431480408 0.22774846851825714 0.015192597173154354
Correct 0 0 0.4974643588066101 0.1985265165567398 0.2842946946620941 0.019714487716555595
Correct 0 0 0.5399356484413147 0.20246420800685883 0.2409125566482544 0.016687603667378426
Correct 0 0 0.5395580530166626 0.20144926011562347 0.23784944415092468 0.02114327810704708
Correct 0 0 0.5363072752952576 0.19694775342941284 0.24824638664722443 0.0184986162930727
Correct 0 0 0.5944104790687561 0.16438883543014526 0.2280057668685913 0.013194942846894264
Correct 0 0 0.5803461074829102 0.1739821434020996 0.23025892674922943 0.015412786975502968
Correct 0 0 0.5260817408561707 0.19619213044643402 0.26121100783348083 0.016515154391527176
Correct 0 0 0.4856107532978058 0.2373550534248352 0.2533583641052246 0.023675834760069847
Correct 0 0 0.44816145300865173 0.24760781228542328 0.27581658959388733 0.028414130210876465
Incorrect 0 1 0.15819106996059418 0.47003477811813354 0.3081808388233185 0.063593290746212
Correct 0 0 0.54378342628479 0.19624434411525726 0.24469953775405884 0.0152727160602808
Correct 0 0 0.4102364778518677 0.26444223523139954 0.2910346984863281 0.03428661823272705
Correct 0 0 0.5884101986885071 0.16791297495365143 0.2302398830652237 0.013436935842037201
Correct 0 0 0.5936715602874756 0.15727001428604126 0.2347736954689026 0.014284709468483925
Correct 0 0 0.5469920039176941 0.17974752187728882 0.2555381655693054 0.01772228628396988
Correct 0 0 0.34527158737182617 0.30782949924468994 0.3051702380180359 0.04172864556312561
Incorrect 0 2 0.23920904099941254 0.33084848523139954 0.3609326183795929 0.06900984048843384
Correct 0 0 0.5430293679237366 0.19667671620845795 0.2471788078546524 0.013115094043314457
Correct 0 0 0.4492591917514801 0.23812119662761688 0.2848709225654602 0.027748674154281616
Correct 0 0 0.5844146013259888 0.1810341626405716 0.2200467437505722 0.014504500664770603
Correct 0 0 0.5513417720794678 0.18777120113372803 0.24329118430614471 0.017595870420336723
Incorrect 0 1 0.04283570125699043 0.5045537352561951 0.30465713143348694 0.14795340597629547
Correct 0 0 0.5430640578269958 0.18274448812007904 0.25774431228637695 0.016447164118289948
Correct 0 0 0.5570098757743835 0.18736106157302856 0.2395871877670288 0.016041837632656097
Incorrect 0 1 0.2419150173664093 0.3515828549861908 0.25986090302467346 0.14664116501808167
Correct 0 0 0.5799881219863892 0.17196263372898102 0.23365750908851624 0.01439179852604866
Correct 0 0 0.44405344128608704 0.25019514560699463 0.2729998528957367 0.03275163471698761
Correct 0 0 0.5601387619972229 0.1871456503868103 0.237691268324852 0.015024326741695404
Correct 0 0 0.5475417375564575 0.18328885734081268 0.25461599230766296 0.014553421176970005
Correct 0 0 0.5467055439949036 0.1940581202507019 0.24268759787082672 0.016548803076148033
Correct 0 0 0.5655223727226257 0.18284262716770172 0.23584938049316406 0.01578562892973423
Correct 0 0 0.4910091161727905 0.2356325089931488 0.2540188133716583 0.019339630380272865
Correct 0 0 0.4675899147987366 0.24110592901706696 0.25932401418685913 0.031980063766241074
Correct 0 0 0.5369873046875 0.20519588887691498 0.24085257947444916 0.016964230686426163
Correct 0 0 0.5175707936286926 0.20756949484348297 0.2513259947299957 0.02353372797369957
Correct 0 0 0.5280799269676208 0.20620715618133545 0.23969809710979462 0.0260147787630558
Correct 0 0 0.5379559993743896 0.20151451230049133 0.243072971701622 0.01745655946433544
Correct 0 0 0.5160096287727356 0.21059317886829376 0.25168466567993164 0.0217125341296196
Incorrect 0 2 0.30548331141471863 0.3265858292579651 0.33208659291267395 0.035844236612319946
Correct 0 0 0.5822425484657288 0.15832282602787018 0.2455264925956726 0.013908145017921925
Correct 0 0 0.5539208054542542 0.1831122487783432 0.24704986810684204 0.015917059034109116
Correct 0 0 0.5533411502838135 0.17846062779426575 0.2507668137550354 0.01743139699101448
Correct 0 0 0.5529706478118896 0.17999060451984406 0.250883013010025 0.01615571230649948
Correct 0 0 0.5260088443756104 0.18842601776123047 0.2700401842594147 0.015524949878454208
Correct 0 0 0.5081069469451904 0.21780860424041748 0.25462186336517334 0.01946261338889599
Correct 0 0 0.5093563199043274 0.2135581225156784 0.25914400815963745 0.017941555008292198
Correct 0 0 0.5284902453422546 0.19246384501457214 0.2624928951263428 0.016553061082959175
Incorrect 0 1 0.09150825440883636 0.4726972281932831 0.3090154230594635 0.12677907943725586
Correct 0 0 0.48955509066581726 0.22623814642429352 0.26032620668411255 0.02388051524758339
Correct 0 0 0.5464159250259399 0.1852339506149292 0.2520875036716461 0.01626264490187168
Correct 0 0 0.579759955406189 0.17406447231769562 0.2327021062374115 0.013473466970026493
Correct 0 0 0.46385905146598816 0.2408912628889084 0.2617405354976654 0.03350911661982536
Correct 0 0 0.5666542649269104 0.17153942584991455 0.2477176934480667 0.014088637195527554
Correct 0 0 0.5528607368469238 0.17951351404190063 0.25183621048927307 0.0157895740121603
Correct 0 0 0.5404963493347168 0.19611094892024994 0.2457713633775711 0.017621319741010666
Correct 0 0 0.601619303226471 0.16395974159240723 0.22199544310569763 0.012425476685166359
Correct 0 0 0.5879935622215271 0.1700582653284073 0.22786840796470642 0.014079769141972065
Correct 0 0 0.4542492926120758 0.24056385457515717 0.27580538392066956 0.029381420463323593
Correct 0 0 0.5751883387565613 0.16295626759529114 0.24858194589614868 0.013273372314870358
Correct 0 0 0.5982181429862976 0.15855281054973602 0.23018644750118256 0.013042530976235867
Correct 0 0 0.5205511450767517 0.18794749677181244 0.2735673189163208 0.017934059724211693
Correct 0 0 0.5273820757865906 0.20964276790618896 0.23583553731441498 0.02713966555893421
Correct 0 0 0.5485984086990356 0.18311555683612823 0.25203636288642883 0.016249660402536392
Correct 0 0 0.49408042430877686 0.22986923158168793 0.25082334876060486 0.025226976722478867
Correct 0 0 0.5785900354385376 0.1718563288450241 0.23350827395915985 0.016045281663537025
Correct 0 0 0.4334964156150818 0.2700156271457672 0.2586890459060669 0.03779885172843933
Correct 0 0 0.5502231121063232 0.19849750399589539 0.2331666201353073 0.01811276003718376
Correct 0 0 0.5660622715950012 0.19846749305725098 0.22167755663394928 0.013792677782475948
Correct 0 0 0.4797222316265106 0.21906311810016632 0.27574679255485535 0.0254678875207901
Incorrect 0 1 0.28847113251686096 0.34379762411117554 0.3031405210494995 0.06459074467420578
Correct 0 0 0.5575097799301147 0.18108919262886047 0.24592413008213043 0.015476896427571774
Correct 0 0 0.6009668707847595 0.1623353213071823 0.22384624183177948 0.012851583771407604
Correct 0 0 0.5688545107841492 0.1773580014705658 0.2362227886915207 0.017564699053764343
Correct 0 0 0.5087707042694092 0.22283534705638885 0.24753674864768982 0.020857198163866997
Correct 0 0 0.5466706156730652 0.19164569675922394 0.24500364065170288 0.01668008789420128
Correct 0 0 0.5793219804763794 0.16670246422290802 0.24141846597194672 0.012557036243379116
Correct 0 0 0.337658166885376 0.306617796421051 0.3065606951713562 0.04916335269808769
Correct 0 0 0.3811660408973694 0.2824086546897888 0.28467440605163574 0.051750849932432175
Correct 1 1 0.18861201405525208 0.4090757966041565 0.3589644730091095 0.043347690254449844
Incorrect 2 1 0.11558325588703156 0.4581816494464874 0.2910376489162445 0.13519740104675293
Correct 3 3 0.013633542694151402 0.22048243880271912 0.06173868849873543 0.7041453123092651
