# Classification_Status TrueLabel PredictedLabel Conf_Class0 Conf_Class1 Conf_Class2 Conf_Class3
Correct 0 0 0.3629609942436218 0.2252120077610016 0.2840603291988373 0.1277666687965393
Correct 0 0 0.35447561740875244 0.2494177222251892 0.28100189566612244 0.1151047796010971
Correct 0 0 0.3945096731185913 0.22817464172840118 0.2678563892841339 0.109459288418293
Correct 0 0 0.34429067373275757 0.2514192461967468 0.273892879486084 0.13039715588092804
Correct 0 0 0.3878418505191803 0.2293521761894226 0.2702382504940033 0.1125677227973938
Correct 0 0 0.38652297854423523 0.21698425710201263 0.27204057574272156 0.12445220351219177
Correct 0 0 0.37918001413345337 0.2325330525636673 0.2828955054283142 0.10539139062166214
Correct 0 0 0.3802024722099304 0.23473258316516876 0.26488226652145386 0.12018260359764099
Correct 0 0 0.38303342461586 0.23194444179534912 0.28302574157714844 0.10199642926454544
Correct 0 0 0.3960440754890442 0.23603986203670502 0.2668766975402832 0.10103937983512878
Correct 0 0 0.3660098612308502 0.22451254725456238 0.2878284752368927 0.1216491311788559
Incorrect 0 2 0.22477519512176514 0.2899637222290039 0.2956489622592926 0.18961213529109955
Correct 0 0 0.3829389214515686 0.23511743545532227 0.2760578691959381 0.10588580369949341
Correct 0 0 0.33893781900405884 0.2633146345615387 0.27524882555007935 0.12249868363142014
Correct 0 0 0.3652594983577728 0.24751195311546326 0.2727973163127899 0.11443129926919937
Correct 0 0 0.3395747244358063 0.2542795240879059 0.2693757712841034 0.13676995038986206
Correct 0 0 0.3583577871322632 0.23448632657527924 0.28592655062675476 0.12122934311628342
Correct 0 0 0.37144577503204346 0.2416234314441681 0.272292822599411 0.11463800817728043
Correct 0 0 0.32162049412727356 0.24551980197429657 0.2651602625846863 0.1676994413137436
Incorrect 0 2 0.2685962915420532 0.22344321012496948 0.2908279299736023 0.217132568359375
Correct 0 0 0.3858291208744049 0.22965741157531738 0.2769533395767212 0.10756010562181473
Correct 0 0 0.36188510060310364 0.2405756413936615 0.28541409969329834 0.11212515085935593
Correct 0 0 0.373596727848053 0.2309565246105194 0.2826322615146637 0.1128145083785057
Correct 0 0 0.37981852889060974 0.23512503504753113 0.27128466963768005 0.11377180367708206
Correct 0 0 0.38773414492607117 0.2381405234336853 0.2750767469406128 0.09904854744672775
Correct 0 0 0.3499213457107544 0.24093736708164215 0.26478198170661926 0.144359290599823
Correct 0 0 0.3527846038341522 0.25419536232948303 0.26434895396232605 0.1286710649728775
Correct 0 0 0.3958337903022766 0.230722576379776 0.27708834409713745 0.09635525941848755
Correct 0 0 0.37358003854751587 0.2450135052204132 0.280765175819397 0.10064128786325455
Correct 0 0 0.3874299228191376 0.22734282910823822 0.2684996426105499 0.11672753840684891
Correct 0 0 0.3768133521080017 0.23038479685783386 0.28677862882614136 0.1060231626033783
Correct 0 0 0.3896212875843048 0.23084761202335358 0.2735350728034973 0.10599598288536072
Incorrect 0 2 0.20717912912368774 0.23309029638767242 0.29159992933273315 0.2681306302547455
Correct 0 0 0.3267677426338196 0.24862058460712433 0.293068528175354 0.1315431147813797
Correct 0 0 0.3871335983276367 0.22268450260162354 0.27927833795547485 0.1109035387635231
Correct 0 0 0.3995116353034973 0.22892846167087555 0.26378923654556274 0.10777068138122559
Incorrect 0 3 0.1776135414838791 0.21282552182674408 0.2682459056377411 0.34131503105163574
Correct 0 0 0.3245130479335785 0.23356541991233826 0.2697077691555023 0.17221380770206451
Correct 0 0 0.29828760027885437 0.2827526032924652 0.27733251452445984 0.1416272521018982
Correct 0 0 0.3656221032142639 0.2540641725063324 0.2664757966995239 0.11383793503046036
Correct 0 0 0.3648325800895691 0.21946501731872559 0.2875726521015167 0.1281297355890274
Correct 0 0 0.347172349691391 0.22730615735054016 0.28497597575187683 0.14054551720619202
Correct 0 0 0.3847573697566986 0.2297992706298828 0.27235057950019836 0.11309277266263962
Correct 0 0 0.37765583395957947 0.22948674857616425 0.28098800778388977 0.1118694543838501
Correct 0 0 0.3524465262889862 0.23782552778720856 0.29343652725219727 0.11629138141870499
Correct 0 0 0.3669144809246063 0.24429012835025787 0.27200746536254883 0.11678794026374817
Correct 0 0 0.3680900037288666 0.23315688967704773 0.26331615447998047 0.13543701171875
Correct 0 0 0.35002657771110535 0.25029510259628296 0.2801162898540497 0.11956203728914261
Correct 0 0 0.395404189825058 0.22197498381137848 0.2733544111251831 0.10926645249128342
Correct 0 0 0.38323795795440674 0.23332643508911133 0.27291497588157654 0.11052059382200241
Correct 0 0 0.356694757938385 0.23871488869190216 0.28611189126968384 0.11847846955060959
Correct 0 0 0.3338405191898346 0.26000678539276123 0.2675763964653015 0.13857635855674744
Correct 0 0 0.3088710308074951 0.24462909996509552 0.27565425634384155 0.17084558308124542
Incorrect 0 1 0.15780064463615417 0.36452364921569824 0.230012446641922 0.24766328930854797
Correct 0 0 0.3740141689777374 0.2419731467962265 0.27744773030281067 0.10656493157148361
Incorrect 0 2 0.2811443507671356 0.22376789152622223 0.28713458776474 0.20795316994190216
Correct 0 0 0.38776686787605286 0.2276330292224884 0.27956539392471313 0.105034738779068
Correct 0 0 0.39938342571258545 0.21695122122764587 0.27479031682014465 0.10887499153614044
Correct 0 0 0.36535653471946716 0.22799058258533478 0.28851956129074097 0.11813328415155411
Incorrect 0 2 0.24599556624889374 0.2609845995903015 0.2686420977115631 0.22437775135040283
Incorrect 0 2 0.18640094995498657 0.22004619240760803 0.30927690863609314 0.28427591919898987
Correct 0 0 0.3688250780105591 0.24760445952415466 0.2792545557022095 0.104315847158432
Correct 0 0 0.2992534041404724 0.23469394445419312 0.29061996936798096 0.17543263733386993
Correct 0 0 0.3976709842681885 0.23710370063781738 0.2622348666191101 0.10299041122198105
Correct 0 0 0.37022924423217773 0.23549972474575043 0.27223309874534607 0.12203789502382278
Incorrect 0 1 0.08249016851186752 0.36244872212409973 0.2212621420621872 0.33379897475242615
Correct 0 0 0.3622133433818817 0.2279236614704132 0.28767627477645874 0.12218672782182693
Correct 0 0 0.38144370913505554 0.22573578357696533 0.27275753021240234 0.12006299942731857
Incorrect 0 3 0.1965118646621704 0.2645654082298279 0.2222130000591278 0.3167096972465515
Correct 0 0 0.39056596159935 0.23079635202884674 0.273562490940094 0.10507515072822571
Correct 0 0 0.3137201964855194 0.24749095737934113 0.26075682044029236 0.17803208529949188
Correct 0 0 0.37547799944877625 0.24221022427082062 0.2757936120033264 0.1065182164311409
Correct 0 0 0.3604568541049957 0.22265386581420898 0.29485049843788147 0.12203878164291382
Correct 0 0 0.37071695923805237 0.24535079300403595 0.27091872692108154 0.11301353573799133
Correct 0 0 0.3889123797416687 0.24044746160507202 0.26865968108177185 0.10198048502206802
Correct 0 0 0.3366135060787201 0.2527572512626648 0.27343976497650146 0.13718944787979126
Correct 0 0 0.3166547119617462 0.2561192214488983 0.26716259121894836 0.1600634902715683
Correct 0 0 0.3685683310031891 0.2411673218011856 0.2737467586994171 0.11651752144098282
Correct 0 0 0.33369338512420654 0.24357806146144867 0.2746085226535797 0.14812001585960388
Correct 0 0 0.35144010186195374 0.23803305625915527 0.25853776931762695 0.1519891321659088
Correct 0 0 0.3712024390697479 0.24226854741573334 0.26780965924263 0.11871930211782455
Correct 0 0 0.34628012776374817 0.24225223064422607 0.269369512796402 0.14209812879562378
Incorrect 0 1 0.24418260157108307 0.30050772428512573 0.29164525866508484 0.16366444528102875
Correct 0 0 0.389414519071579 0.221479594707489 0.284411758184433 0.10469410568475723
Correct 0 0 0.37874704599380493 0.22863033413887024 0.27729231119155884 0.11533036828041077
Correct 0 0 0.3708029091358185 0.23366892337799072 0.27860382199287415 0.11692436039447784
Correct 0 0 0.37320610880851746 0.22854731976985931 0.28078973293304443 0.11745686084032059
Correct 0 0 0.3669418692588806 0.23841704428195953 0.29143431782722473 0.10320685058832169
Correct 0 0 0.3463003635406494 0.2396603375673294 0.27407848834991455 0.13996084034442902
Correct 0 0 0.35429468750953674 0.254078209400177 0.28016555309295654 0.11146154999732971
Correct 0 0 0.3626358211040497 0.23441453278064728 0.29429957270622253 0.10865005105733871
Incorrect 0 1 0.1239117756485939 0.32715117931365967 0.239597350358963 0.3093397319316864
Correct 0 0 0.3332770764827728 0.25820192694664 0.26775315403938293 0.14076784253120422
Correct 0 0 0.3658485412597656 0.2338055670261383 0.2830173671245575 0.11732851713895798
Correct 0 0 0.38954898715019226 0.2232605516910553 0.2759265601634979 0.11126391589641571
Correct 0 0 0.31642141938209534 0.2565111815929413 0.26145172119140625 0.16561567783355713
Correct 0 0 0.39902737736701965 0.22258979082107544 0.2812016010284424 0.09718118607997894
Correct 0 0 0.3720986247062683 0.2325534224510193 0.2890234887599945 0.1063244566321373
Correct 0 0 0.35776036977767944 0.23412781953811646 0.272298127412796 0.13581371307373047
Correct 0 0 0.3965177834033966 0.2325342297554016 0.2702750861644745 0.10067294538021088
Correct 0 0 0.39639532566070557 0.22926700115203857 0.2680087089538574 0.10632890462875366
Correct 0 0 0.313405305147171 0.2680133581161499 0.2643217444419861 0.154259592294693
Correct 0 0 0.39814600348472595 0.22141724824905396 0.28361448645591736 0.09682229906320572
Correct 0 0 0.3930542469024658 0.22186647355556488 0.28135091066360474 0.10372836887836456
Correct 0 0 0.345611035823822 0.22878727316856384 0.2933866083621979 0.13221511244773865
Correct 0 0 0.34115836024284363 0.22913187742233276 0.25949016213417053 0.1702195554971695
Correct 0 0 0.3691912889480591 0.23230835795402527 0.28282904624938965 0.11567133665084839
Correct 0 0 0.3272080421447754 0.24867261946201324 0.2708257734775543 0.15329360961914062
Correct 0 0 0.39925748109817505 0.2309991866350174 0.2658148407936096 0.10392849892377853
Correct 0 0 0.3049710988998413 0.2758626639842987 0.24613051116466522 0.17303569614887238
Correct 0 0 0.37215855717658997 0.24522222578525543 0.26401451230049133 0.11860469728708267
Correct 0 0 0.3845708966255188 0.2511283755302429 0.2646894156932831 0.0996113047003746
Correct 0 0 0.336914986371994 0.2312069982290268 0.2844065725803375 0.14747144281864166
Incorrect 0 3 0.22222959995269775 0.237903892993927 0.2680296003818512 0.27183693647384644
Correct 0 0 0.3716493844985962 0.23217950761318207 0.2820403277873993 0.11413083225488663
Correct 0 0 0.4108487665653229 0.2199193835258484 0.2719034254550934 0.09732847660779953
Correct 0 0 0.37694093585014343 0.22797277569770813 0.27179715037345886 0.12328918278217316
Correct 0 0 0.345089316368103 0.2510850727558136 0.26576027274131775 0.13806533813476562
Correct 0 0 0.3736078441143036 0.2440394163131714 0.27417612075805664 0.1081765741109848
Correct 0 0 0.3889424800872803 0.22844672203063965 0.2838303744792938 0.09878041595220566
Incorrect 0 1 0.24685262143611908 0.2885904014110565 0.2637084424495697 0.2008485496044159
Correct 0 0 0.28266969323158264 0.26480159163475037 0.2555103600025177 0.19701829552650452
Incorrect 1 2 0.15528111159801483 0.25350266695022583 0.2956733703613281 0.2955428659915924
Incorrect 2 3 0.11581644415855408 0.2716962695121765 0.22132444381713867 0.3911628723144531
Correct 3 3 0.043056610971689224 0.19605140388011932 0.08299481868743896 0.6778970956802368
