# Classification_Status TrueLabel PredictedLabel Conf_Class0 Conf_Class1 Conf_Class2 Conf_Class3
Correct 0 0 0.4532913565635681 0.17708906531333923 0.3542689085006714 0.015350612811744213
Correct 0 0 0.4441821277141571 0.2010553926229477 0.34009671211242676 0.01466575637459755
Correct 0 0 0.5265341401100159 0.16125215590000153 0.30143800377845764 0.010775630362331867
Correct 0 0 0.4190486967563629 0.2259112149477005 0.3354853689670563 0.019554654136300087
Correct 0 0 0.5131268501281738 0.1660020351409912 0.30917710065841675 0.011694002896547318
Correct 0 0 0.49987486004829407 0.1704527735710144 0.31559130549430847 0.014081094413995743
Correct 0 0 0.4965566098690033 0.1757718175649643 0.3158339560031891 0.011837541125714779
Correct 0 0 0.48365461826324463 0.18801523745059967 0.3139578402042389 0.014372317120432854
Correct 0 0 0.490911602973938 0.17558686435222626 0.32116711139678955 0.012334438040852547
Correct 0 0 0.5241377353668213 0.17653262615203857 0.2894415259361267 0.009888116270303726
Correct 0 0 0.47656014561653137 0.16910909116268158 0.34094879031181335 0.013382017612457275
Incorrect 0 2 0.1972191482782364 0.2847417891025543 0.48281368613243103 0.03522539138793945
Correct 0 0 0.4991239309310913 0.16666927933692932 0.32286205887794495 0.011344731785356998
Correct 0 0 0.4234845042228699 0.22679093480110168 0.33341294527053833 0.01631159894168377
Correct 0 0 0.4609006345272064 0.20309190452098846 0.32094359397888184 0.015063893049955368
Correct 0 0 0.42852047085762024 0.20997922122478485 0.34372052550315857 0.017779743298888206
Correct 0 0 0.43756186962127686 0.20162886381149292 0.3474934995174408 0.01331575121730566
Correct 0 0 0.4976867735385895 0.1883595883846283 0.2993360459804535 0.014617563225328922
Correct 0 0 0.4034990072250366 0.21475918591022491 0.3505587875843048 0.03118307888507843
Incorrect 0 2 0.2961510419845581 0.23659765720367432 0.4298417568206787 0.03740958496928215
Correct 0 0 0.4992111921310425 0.17751823365688324 0.312142938375473 0.011127625592052937
Correct 0 0 0.4653916358947754 0.18383844196796417 0.3379935920238495 0.012776385992765427
Correct 0 0 0.4928475320339203 0.17252115905284882 0.32212433218955994 0.012506986036896706
Correct 0 0 0.49959078431129456 0.17948579788208008 0.3075876533985138 0.01333574764430523
Correct 0 0 0.5020790100097656 0.17831766605377197 0.3085700273513794 0.01103326678276062
Correct 0 0 0.45741042494773865 0.1945728063583374 0.3296184837818146 0.01839829422533512
Correct 0 0 0.4335588812828064 0.2112654745578766 0.33769726753234863 0.01747834123671055
Correct 0 0 0.5146894454956055 0.1663549691438675 0.3098042607307434 0.009151281788945198
Correct 0 0 0.4779529571533203 0.1955612748861313 0.31466278433799744 0.011822998523712158
Correct 0 0 0.5066344141960144 0.17059247195720673 0.3087575435638428 0.014015630818903446
Correct 0 0 0.4841466248035431 0.1723737120628357 0.33075401186943054 0.01272560190409422
Correct 0 0 0.5139184594154358 0.1677597463130951 0.3069183826446533 0.011403416283428669
Incorrect 0 2 0.19132710993289948 0.3013342022895813 0.4537849724292755 0.053553786128759384
Correct 0 0 0.40377187728881836 0.20589041709899902 0.37469348311424255 0.015644211322069168
Correct 0 0 0.5109057426452637 0.16420024633407593 0.3128303587436676 0.012063675560057163
Correct 0 0 0.5345500707626343 0.1633625030517578 0.2912033796310425 0.01088401023298502
Incorrect 0 2 0.13985808193683624 0.3039657771587372 0.46298548579216003 0.09319069236516953
Correct 0 0 0.3862171173095703 0.23023223876953125 0.35731247067451477 0.026238219812512398
Incorrect 0 2 0.3359157145023346 0.26962772011756897 0.36903631687164307 0.02542024292051792
Correct 0 0 0.48493561148643494 0.1995372623205185 0.3024062514305115 0.013120954856276512
Correct 0 0 0.45205894112586975 0.17558470368385315 0.3580002784729004 0.01435606088489294
Correct 0 0 0.4472452402114868 0.19138899445533752 0.34339624643325806 0.017969563603401184
Correct 0 0 0.49502578377723694 0.17741741240024567 0.31441691517829895 0.01313985139131546
Correct 0 0 0.5334838032722473 0.16444507241249084 0.2904787063598633 0.011592392809689045
Correct 0 0 0.4275681674480438 0.19495734572410583 0.3615249991416931 0.015949491411447525
Correct 0 0 0.46289268136024475 0.20659878849983215 0.3158056437969208 0.014702844433486462
Correct 0 0 0.4674961566925049 0.20051993429660797 0.31375348567962646 0.018230440095067024
Correct 0 0 0.4631108343601227 0.19222621619701385 0.33003348112106323 0.014629540033638477
Correct 0 0 0.5291916728019714 0.16094344854354858 0.2996501326560974 0.010214762762188911
Correct 0 0 0.5152813196182251 0.1706286370754242 0.30236995220184326 0.011720066890120506
Correct 0 0 0.4425370693206787 0.19537855684757233 0.3483376204967499 0.013746777549386024
Correct 0 0 0.4095677137374878 0.23453998565673828 0.33541175723075867 0.02048051543533802
Incorrect 0 2 0.35075700283050537 0.2504952847957611 0.37042099237442017 0.028326693922281265
Incorrect 0 2 0.09836464375257492 0.4146935045719147 0.42018479108810425 0.06675706803798676
Correct 0 0 0.46928539872169495 0.19437278807163239 0.3241552710533142 0.012186507694423199
Incorrect 0 2 0.3103482127189636 0.25448545813560486 0.4037550091743469 0.03141133114695549
Correct 0 0 0.5255542993545532 0.1629887968301773 0.3011437654495239 0.010313134640455246
Correct 0 0 0.5199500322341919 0.15105126798152924 0.3177231252193451 0.01127561368048191
Correct 0 0 0.4815309941768646 0.1738342046737671 0.3302217125892639 0.014413099735975266
Incorrect 0 2 0.2573312819004059 0.3015422821044922 0.39870181679725647 0.042424630373716354
Incorrect 0 2 0.15768733620643616 0.29803311824798584 0.4789409637451172 0.06533856689929962
Correct 0 0 0.48041391372680664 0.19068250060081482 0.31908178329467773 0.00982184149324894
Incorrect 0 2 0.36531558632850647 0.220730260014534 0.3902197480201721 0.023734353482723236
Correct 0 0 0.5229095816612244 0.17937393486499786 0.2861015796661377 0.01161489449441433
Correct 0 0 0.48522573709487915 0.1852995604276657 0.3150848150253296 0.01438993215560913
Incorrect 0 1 0.0187580194324255 0.4011060297489166 0.38450315594673157 0.19563283026218414
Correct 0 0 0.45774298906326294 0.1795911341905594 0.34982332587242126 0.012842528522014618
Correct 0 0 0.47996386885643005 0.1842937469482422 0.32239270210266113 0.013349633663892746
Incorrect 0 1 0.16290439665317535 0.3294070065021515 0.31461650133132935 0.193072110414505
Correct 0 0 0.5192201733589172 0.1649051457643509 0.3050312101840973 0.010843492113053799
Correct 0 0 0.3620382845401764 0.25605419278144836 0.3495085537433624 0.03239894658327103
Correct 0 0 0.47667399048805237 0.18520182371139526 0.32630836963653564 0.011815809644758701
Correct 0 0 0.47810104489326477 0.17065246403217316 0.3400135040283203 0.011233018711209297
Correct 0 0 0.4781051278114319 0.19250984489917755 0.31587159633636475 0.01351346354931593
Correct 0 0 0.5008570551872253 0.1783260852098465 0.3088773488998413 0.011939598247408867
Correct 0 0 0.40528395771980286 0.23876379430294037 0.3382008969783783 0.0177513025701046
Correct 0 0 0.388204425573349 0.24118976294994354 0.3395075798034668 0.031098200008273125
Correct 0 0 0.4773792326450348 0.20311807096004486 0.3057176172733307 0.013785137794911861
Correct 0 0 0.43900299072265625 0.20077288150787354 0.34060144424438477 0.019622664898633957
Correct 0 0 0.45313096046447754 0.19812269508838654 0.3256419599056244 0.023104367777705193
Correct 0 0 0.4761509895324707 0.199543759226799 0.3099432587623596 0.014362026937305927
Correct 0 0 0.43357571959495544 0.20574158430099487 0.341983437538147 0.018699191510677338
Incorrect 0 2 0.22861891984939575 0.3415285646915436 0.3938136398792267 0.03603890538215637
Correct 0 0 0.5113834142684937 0.15094749629497528 0.3272706866264343 0.010398399084806442
Correct 0 0 0.4783799648284912 0.18430960178375244 0.3241821527481079 0.013128271326422691
Correct 0 0 0.4738955497741699 0.17774458229541779 0.3339537978172302 0.014406106434762478
Correct 0 0 0.4791660010814667 0.17681823670864105 0.33058062195777893 0.013435169123113155
Correct 0 0 0.4653891623020172 0.17836172878742218 0.34451085329055786 0.011738322675228119
Correct 0 0 0.4318585991859436 0.2127165049314499 0.33874890208244324 0.016676010563969612
Correct 0 0 0.4310513734817505 0.21479111909866333 0.33985698223114014 0.01430050004273653
Correct 0 0 0.4467531442642212 0.18986040353775024 0.3500966727733612 0.013289710506796837
Incorrect 0 1 0.05320893973112106 0.46600085496902466 0.3210313022136688 0.15975888073444366
Correct 0 0 0.4055970311164856 0.22465577721595764 0.34889382123947144 0.02085329405963421
Correct 0 0 0.46821874380111694 0.1824214607477188 0.3366408348083496 0.012718950398266315
Correct 0 0 0.5129135847091675 0.16602562367916107 0.31092947721481323 0.010131330229341984
Correct 0 0 0.3786126673221588 0.2442009449005127 0.3434029519557953 0.03378341719508171
Correct 0 0 0.4879494309425354 0.17015351355075836 0.33100688457489014 0.010890133678913116
Correct 0 0 0.4788964092731476 0.17465431988239288 0.3342076539993286 0.012241638265550137
Correct 0 0 0.4609781801700592 0.1918875128030777 0.33208945393562317 0.015044841915369034
Correct 0 0 0.5320146679878235 0.1638960838317871 0.2943156957626343 0.009773587808012962
Correct 0 0 0.5274074077606201 0.16025035083293915 0.30197474360466003 0.010367501527071
Correct 0 0 0.3696100115776062 0.23761704564094543 0.3677201569080353 0.025052759796380997
Correct 0 0 0.5238120555877686 0.15799103677272797 0.30843883752822876 0.009758055210113525
Correct 0 0 0.5342243313789368 0.15494778752326965 0.30071374773979187 0.01011408306658268
Correct 0 0 0.4426669478416443 0.1782974749803543 0.36448273062705994 0.014552803710103035
Correct 0 0 0.4486318528652191 0.20358172059059143 0.3231101930141449 0.024676179513335228
Correct 0 0 0.4762386679649353 0.17990005016326904 0.33104753494262695 0.012813731096684933
Correct 0 0 0.40902337431907654 0.23046058416366577 0.337390273809433 0.023125814273953438
Correct 0 0 0.5194559693336487 0.1667826920747757 0.3012891411781311 0.012472245842218399
Correct 0 0 0.359688401222229 0.26582086086273193 0.33950942754745483 0.03498130291700363
Correct 0 0 0.48033666610717773 0.1965637505054474 0.30819088220596313 0.01490868628025055
Correct 0 0 0.5056719183921814 0.19695429503917694 0.28635188937187195 0.01102189626544714
Correct 0 0 0.4031161963939667 0.21515806019306183 0.35901790857315063 0.02270776778459549
Incorrect 0 2 0.20092900097370148 0.3117097318172455 0.42432400584220886 0.06303728371858597
Correct 0 0 0.48929160833358765 0.17318865656852722 0.3253859877586365 0.012133762240409851
Correct 0 0 0.55202317237854 0.15293629467487335 0.285287469625473 0.009753033518791199
Correct 0 0 0.49902695417404175 0.17048372328281403 0.3163636326789856 0.01412576250731945
Correct 0 0 0.4213433265686035 0.222670316696167 0.3373340666294098 0.018652237951755524
Correct 0 0 0.4758831858634949 0.18416978418827057 0.3267771303653717 0.013169852085411549
Correct 0 0 0.5085326433181763 0.15800660848617554 0.3239848017692566 0.009475967846810818
Incorrect 0 2 0.2586958408355713 0.2905336916446686 0.4034327268600464 0.04733777418732643
Incorrect 0 2 0.3057543635368347 0.2820213735103607 0.36028581857681274 0.05193844437599182
Incorrect 1 2 0.1083008423447609 0.378763347864151 0.47079741954803467 0.04213838279247284
Incorrect 2 1 0.060755278915166855 0.42064371705055237 0.3548296093940735 0.16377145051956177
Correct 3 3 0.002621346851810813 0.09016647189855576 0.03832630813121796 0.86888587474823
