# Classification_Status TrueLabel PredictedLabel Conf_Class0 Conf_Class1 Conf_Class2 Conf_Class3
Correct 0 0 0.46196413040161133 0.21213184297084808 0.3081545829772949 0.017749473452568054
Correct 0 0 0.44750499725341797 0.23374463617801666 0.30172380805015564 0.01702655479311943
Correct 0 0 0.5248504281044006 0.19373559951782227 0.2682851254940033 0.013128846883773804
Correct 0 0 0.4222404956817627 0.2594265341758728 0.2961644232273102 0.02216855250298977
Correct 0 0 0.5148884057998657 0.19558286666870117 0.2753293812274933 0.014199306257069111
Correct 0 0 0.5019663572311401 0.20027944445610046 0.28142496943473816 0.016329171136021614
Correct 0 0 0.4979534149169922 0.2057386338710785 0.28209632635116577 0.014211613684892654
Correct 0 0 0.48509761691093445 0.2181943655014038 0.2800130546092987 0.016694938763976097
Correct 0 0 0.4938334822654724 0.20375369489192963 0.28756803274154663 0.014844752848148346
Correct 0 0 0.5192559957504272 0.2094811052083969 0.2592325508594513 0.01203033048659563
Correct 0 0 0.48196059465408325 0.19919228553771973 0.3034075200557709 0.015439609996974468
Incorrect 0 2 0.21378131210803986 0.3370298445224762 0.4123344421386719 0.03685440868139267
Correct 0 0 0.5026663541793823 0.19801777601242065 0.28570273518562317 0.013613181188702583
Correct 0 0 0.4223026931285858 0.26129236817359924 0.297227680683136 0.019177237525582314
Correct 0 0 0.46532079577445984 0.2325810194015503 0.2848301827907562 0.017267920076847076
Correct 0 0 0.43109798431396484 0.2493310123682022 0.29886195063591003 0.020709039643406868
Correct 0 0 0.4409749507904053 0.23627515137195587 0.30695778131484985 0.015792107209563255
Correct 0 0 0.4968169927597046 0.21752391755580902 0.2685210704803467 0.017137929797172546
Correct 0 0 0.4128499925136566 0.24923373758792877 0.30386579036712646 0.034050554037094116
Incorrect 0 2 0.3134500980377197 0.27946141362190247 0.3661450147628784 0.04094354063272476
Correct 0 0 0.5012261867523193 0.20544549822807312 0.28011325001716614 0.013215037062764168
Correct 0 0 0.46825575828552246 0.21560288965702057 0.3010728657245636 0.015068487264215946
Correct 0 0 0.4946241080760956 0.20310287177562714 0.2874457836151123 0.014827270992100239
Correct 0 0 0.49990275502204895 0.21005208790302277 0.2743281424045563 0.015717068687081337
Correct 0 0 0.5020520687103271 0.20986278355121613 0.27482685446739197 0.013258264400064945
Correct 0 0 0.46007639169692993 0.22877459228038788 0.29092082381248474 0.02022816427052021
Correct 0 0 0.43966686725616455 0.24672967195510864 0.29340943694114685 0.020194077864289284
Correct 0 0 0.5128043293952942 0.19834384322166443 0.2775835394859314 0.011268283240497112
Correct 0 0 0.47809460759162903 0.22593992948532104 0.2817177176475525 0.014247706159949303
Correct 0 0 0.5078889727592468 0.20095017552375793 0.27438515424728394 0.016775712370872498
Correct 0 0 0.4857611358165741 0.20182478427886963 0.29703930020332336 0.015374784357845783
Correct 0 0 0.5159067511558533 0.19763021171092987 0.2728787362575531 0.013584270142018795
Incorrect 0 2 0.20542068779468536 0.3606140613555908 0.37545010447502136 0.05851518362760544
Correct 0 0 0.41094210743904114 0.24156999588012695 0.32975760102272034 0.017730236053466797
Correct 0 0 0.5102313756942749 0.1938081979751587 0.2814776301383972 0.014482786878943443
Correct 0 0 0.5359806418418884 0.19327320158481598 0.25767961144447327 0.01306658610701561
Incorrect 0 2 0.15428592264652252 0.366992712020874 0.378854900598526 0.09986644983291626
Correct 0 0 0.3954615890979767 0.26755261421203613 0.30739155411720276 0.029594210907816887
Correct 0 0 0.3437734842300415 0.30509117245674133 0.3222680389881134 0.028867246583104134
Correct 0 0 0.4873906970024109 0.229023739695549 0.26824861764907837 0.015336994081735611
Correct 0 0 0.4608098864555359 0.20570318400859833 0.3171275556087494 0.016359370201826096
Correct 0 0 0.45350441336631775 0.22523432970046997 0.30064791440963745 0.02061336487531662
Correct 0 0 0.4982384145259857 0.21066924929618835 0.27553635835647583 0.015555932186543941
Correct 0 0 0.5272302627563477 0.19659267365932465 0.26217588782310486 0.014001167379319668
Correct 0 0 0.431410014629364 0.22523771226406097 0.32453837990760803 0.01881386712193489
Correct 0 0 0.4689323604106903 0.23623226583003998 0.27824118733406067 0.016594212502241135
Correct 0 0 0.4726507365703583 0.22973915934562683 0.2767186164855957 0.020891467109322548
Correct 0 0 0.4677746891975403 0.22493520379066467 0.2900216579437256 0.017268449068069458
Correct 0 0 0.5282029509544373 0.19041922688484192 0.2690669298171997 0.012310936115682125
Correct 0 0 0.5125507116317749 0.20220023393630981 0.2709885239601135 0.01426053699105978
Correct 0 0 0.4481601119041443 0.22869333624839783 0.30728721618652344 0.015859292820096016
Correct 0 0 0.41259095072746277 0.27323734760284424 0.2910349369049072 0.023136699572205544
Correct 0 0 0.36099740862846375 0.29014405608177185 0.31978148221969604 0.02907705493271351
Incorrect 0 1 0.10668797045946121 0.4932144284248352 0.3353325128555298 0.0647650882601738
Correct 0 0 0.47255489230155945 0.2270367294549942 0.28590643405914307 0.014502018690109253
Incorrect 0 2 0.32668179273605347 0.2979266345500946 0.3401506543159485 0.035240963101387024
Correct 0 0 0.5237141251564026 0.1930343508720398 0.2706461250782013 0.012605367228388786
Correct 0 0 0.5238958597183228 0.18144875764846802 0.28120243549346924 0.013452980667352676
Correct 0 0 0.4843392074108124 0.20343054831027985 0.29532691836357117 0.016903307288885117
Incorrect 0 1 0.2669682502746582 0.34694617986679077 0.3438560962677002 0.04222944751381874
Incorrect 0 2 0.17567794024944305 0.34903475642204285 0.4039405286312103 0.07134676724672318
Correct 0 0 0.4760627746582031 0.22613099217414856 0.28571194410324097 0.012094289995729923
Correct 0 0 0.37383511662483215 0.2632022202014923 0.3358469307422638 0.027115749195218086
Correct 0 0 0.5194275975227356 0.2106344848871231 0.2560645043849945 0.013873453252017498
Correct 0 0 0.4847869575023651 0.21633237600326538 0.28195345401763916 0.016927234828472137
Incorrect 0 1 0.02353554591536522 0.5063787698745728 0.3112727403640747 0.15881292521953583
Correct 0 0 0.46538078784942627 0.2111782282590866 0.307926207780838 0.015514856204390526
Correct 0 0 0.4844037592411041 0.2169138342142105 0.28310325741767883 0.015579169616103172
Incorrect 0 1 0.171452596783638 0.3802639842033386 0.27102425694465637 0.17725920677185059
Correct 0 0 0.5184547305107117 0.19536545872688293 0.272908091545105 0.013271762058138847
Correct 0 0 0.36489012837409973 0.2937015891075134 0.3070291578769684 0.034379128366708755
Correct 0 0 0.4803299903869629 0.2195425182580948 0.2859812378883362 0.014146282337605953
Correct 0 0 0.4826357066631317 0.2021123617887497 0.30184489488601685 0.013407045044004917
Correct 0 0 0.4778221845626831 0.22478187084197998 0.2814730703830719 0.015922902151942253
Correct 0 0 0.5011149048805237 0.20887422561645508 0.27550172805786133 0.014509154483675957
Correct 0 0 0.407131165266037 0.2788854241371155 0.2937346398830414 0.020248759537935257
Correct 0 0 0.3923763632774353 0.2771492898464203 0.29675057530403137 0.033723797649145126
Correct 0 0 0.4740535616874695 0.23563207685947418 0.2739960849285126 0.01631828024983406
Correct 0 0 0.44262829422950745 0.23668725788593292 0.29804953932762146 0.022634917870163918
Correct 0 0 0.45843374729156494 0.23328113555908203 0.28238189220428467 0.025903230533003807
Correct 0 0 0.47572314739227295 0.231747105717659 0.2760656774044037 0.01646406017243862
Correct 0 0 0.43804439902305603 0.2426386922597885 0.29780301451683044 0.02151385322213173
Incorrect 0 1 0.23503632843494415 0.3759627044200897 0.35081177949905396 0.038189154118299484
Correct 0 0 0.5152199268341064 0.18027332425117493 0.2917799949645996 0.012726709246635437
Correct 0 0 0.481829971075058 0.21317674219608307 0.28975358605384827 0.015239746309816837
Correct 0 0 0.4797123074531555 0.20739541947841644 0.2961329519748688 0.01675928384065628
Correct 0 0 0.4831428825855255 0.2070440649986267 0.29422250390052795 0.015590570867061615
Correct 0 0 0.46732181310653687 0.20956553518772125 0.30889466404914856 0.01421800721436739
Correct 0 0 0.4370119571685791 0.2481217384338379 0.2955712676048279 0.019295023754239082
Correct 0 0 0.4360348582267761 0.2453858107328415 0.3017708957195282 0.01680842414498329
Correct 0 0 0.4560914933681488 0.2195103019475937 0.30883246660232544 0.015565731562674046
Incorrect 0 1 0.05908544734120369 0.5067304372787476 0.28884947299957275 0.1453346312046051
Correct 0 0 0.41338032484054565 0.25933951139450073 0.30407455563545227 0.023205623030662537
Correct 0 0 0.47281089425086975 0.2132442444562912 0.29881012439727783 0.015134717337787151
Correct 0 0 0.5155476331710815 0.19734345376491547 0.27473774552345276 0.01237117312848568
Correct 0 0 0.38230565190315247 0.28224605321884155 0.29957330226898193 0.03587502986192703
Correct 0 0 0.49512261152267456 0.19717466831207275 0.2945324778556824 0.013170300051569939
Correct 0 0 0.48362454771995544 0.20463131368160248 0.29702073335647583 0.014723398722708225
Correct 0 0 0.46660006046295166 0.22533413767814636 0.29063910245895386 0.017426734790205956
Correct 0 0 0.531834065914154 0.1929890662431717 0.26344168186187744 0.01173522137105465
Correct 0 0 0.5249152779579163 0.19296765327453613 0.269428551197052 0.012688450515270233
Correct 0 0 0.379763662815094 0.2734442353248596 0.31884530186653137 0.02794683165848255
Correct 0 0 0.5210571885108948 0.18202996253967285 0.28499194979667664 0.011920920573174953
Correct 0 0 0.535981297492981 0.18163807690143585 0.27024418115615845 0.012136460281908512
Correct 0 0 0.4491080045700073 0.21204297244548798 0.3218693435192108 0.016979649662971497
Correct 0 0 0.4530239999294281 0.24053363502025604 0.2789667844772339 0.027475619688630104
Correct 0 0 0.4794997274875641 0.20894496142864227 0.29634684324264526 0.015208492055535316
Correct 0 0 0.41163170337677 0.26992636919021606 0.292847603559494 0.025594349950551987
Correct 0 0 0.5194402933120728 0.19529438018798828 0.2703256607055664 0.014939663000404835
Correct 0 0 0.3648347854614258 0.30374956130981445 0.2935037910938263 0.03791189566254616
Correct 0 0 0.48160043358802795 0.22829781472682953 0.27274391055107117 0.017357807606458664
Correct 0 0 0.5009467005729675 0.2296905368566513 0.2563258111476898 0.013037029653787613
Correct 0 0 0.40861302614212036 0.2500925362110138 0.315359890460968 0.02593451552093029
Incorrect 0 1 0.21500472724437714 0.3692501187324524 0.3476696014404297 0.06807557493448257
Correct 0 0 0.4912475347518921 0.20612677931785583 0.288035124540329 0.014590594917535782
Correct 0 0 0.5469986796379089 0.18416492640972137 0.25693976879119873 0.011896670795977116
Correct 0 0 0.5019446015357971 0.20186905562877655 0.27956295013427734 0.0166233591735363
Correct 0 0 0.4269880950450897 0.26043152809143066 0.29201897978782654 0.020561417564749718
Correct 0 0 0.47918084263801575 0.21702563762664795 0.2882137596607208 0.015579751692712307
Correct 0 0 0.5116051435470581 0.1896452158689499 0.28719237446784973 0.011557254008948803
Incorrect 0 2 0.26862505078315735 0.33845216035842896 0.343406617641449 0.04951610416173935
Incorrect 0 1 0.3145959675312042 0.31652289628982544 0.3144787847995758 0.05440238490700722
Correct 1 1 0.12230923026800156 0.44774699211120605 0.3881572484970093 0.04178649187088013
Incorrect 2 1 0.07126624137163162 0.4888765215873718 0.3002220094203949 0.13963516056537628
Correct 3 3 0.00456273416057229 0.15703250467777252 0.04165574908256531 0.7967490553855896
