# Classification_Status TrueLabel PredictedLabel Conf_Class0 Conf_Class1 Conf_Class2 Conf_Class3
Incorrect 0 2 0.22926783561706543 0.25526124238967896 0.2656615376472473 0.2498093992471695
Incorrect 0 2 0.2290172278881073 0.2554466128349304 0.2654193341732025 0.25011682510375977
Incorrect 0 2 0.22917227447032928 0.25521978735923767 0.26565122604370117 0.24995674192905426
Incorrect 0 2 0.2289431095123291 0.25558391213417053 0.26543429493904114 0.25003865361213684
Incorrect 0 2 0.2291896939277649 0.2552911043167114 0.26523956656455994 0.25027960538864136
Incorrect 0 2 0.22892948985099792 0.25516238808631897 0.2655607759952545 0.2503472864627838
Incorrect 0 2 0.2289937436580658 0.2555752098560333 0.26523277163505554 0.2501983046531677
Incorrect 0 2 0.22885341942310333 0.2558227479457855 0.26533764600753784 0.2499862164258957
Incorrect 0 2 0.22954308986663818 0.2550203502178192 0.26532119512557983 0.25011539459228516
Incorrect 0 2 0.22901031374931335 0.2554815113544464 0.26556482911109924 0.24994336068630219
Incorrect 0 2 0.22912317514419556 0.25538691878318787 0.26542848348617554 0.2500614523887634
Incorrect 0 2 0.2296765297651291 0.25511154532432556 0.26490381360054016 0.2503081262111664
Incorrect 0 2 0.22902259230613708 0.2555653154850006 0.2652793228626251 0.2501327693462372
Incorrect 0 2 0.22879840433597565 0.25593334436416626 0.2651948630809784 0.2500734031200409
Incorrect 0 2 0.22921179234981537 0.25555527210235596 0.26525047421455383 0.24998249113559723
Incorrect 0 2 0.22906628251075745 0.2554129660129547 0.2653527855873108 0.25016793608665466
Incorrect 0 2 0.22945336997509003 0.25547125935554504 0.2652370035648346 0.24983836710453033
Incorrect 0 2 0.2292022556066513 0.25552186369895935 0.26524198055267334 0.2500339150428772
Incorrect 0 2 0.22898490726947784 0.2556355595588684 0.26550525426864624 0.24987421929836273
Incorrect 0 2 0.22935160994529724 0.2555468678474426 0.2650378346443176 0.2500636875629425
Incorrect 0 2 0.22900983691215515 0.25540056824684143 0.26550939679145813 0.25008025765419006
Incorrect 0 2 0.22886793315410614 0.2558092772960663 0.26520875096321106 0.2501140534877777
Incorrect 0 2 0.22904090583324432 0.2551923394203186 0.26556849479675293 0.25019824504852295
Incorrect 0 2 0.22916676104068756 0.2551911473274231 0.26548823714256287 0.25015386939048767
Incorrect 0 2 0.22909313440322876 0.2556506097316742 0.2651594877243042 0.25009673833847046
Incorrect 0 2 0.22915130853652954 0.2549683451652527 0.2653976380825043 0.2504827082157135
Incorrect 0 2 0.22944964468479156 0.2552753984928131 0.26480185985565186 0.2504730820655823
Incorrect 0 2 0.22893588244915009 0.25564897060394287 0.26546236872673035 0.24995282292366028
Incorrect 0 2 0.2290361374616623 0.2556089758872986 0.26552364230155945 0.2498311996459961
Incorrect 0 2 0.22926519811153412 0.255220890045166 0.2653672695159912 0.25014662742614746
Incorrect 0 2 0.22900469601154327 0.25559523701667786 0.26540130376815796 0.24999871850013733
Incorrect 0 2 0.22921952605247498 0.25546491146087646 0.26531609892845154 0.24999944865703583
Incorrect 0 2 0.22934743762016296 0.2558269500732422 0.2648036479949951 0.25002190470695496
Incorrect 0 2 0.22918640077114105 0.2552475333213806 0.26541799306869507 0.25014808773994446
Incorrect 0 2 0.2289842665195465 0.25546595454216003 0.2653783857822418 0.25017139315605164
Incorrect 0 2 0.22928990423679352 0.2553233206272125 0.2654719650745392 0.24991481006145477
Incorrect 0 2 0.23019403219223022 0.2548966705799103 0.2646917700767517 0.2502175569534302
Incorrect 0 2 0.229245126247406 0.25563377141952515 0.26519283652305603 0.24992825090885162
Incorrect 0 2 0.22918668389320374 0.25550252199172974 0.2649765610694885 0.2503342628479004
Incorrect 0 2 0.22909390926361084 0.2556590139865875 0.2652616798877716 0.24998541176319122
Incorrect 0 2 0.22908852994441986 0.2551707923412323 0.26533243060112 0.2504082918167114
Incorrect 0 2 0.22915928065776825 0.25545409321784973 0.2653890550136566 0.2499975860118866
Incorrect 0 2 0.22944554686546326 0.25516805052757263 0.26517120003700256 0.25021517276763916
Incorrect 0 2 0.22915500402450562 0.2553342580795288 0.26531654596328735 0.2501941919326782
Incorrect 0 2 0.22895632684230804 0.25548091530799866 0.2655651569366455 0.2499975711107254
Incorrect 0 2 0.22901518642902374 0.2554982900619507 0.2654290795326233 0.2500574290752411
Incorrect 0 2 0.22925670444965363 0.2555010914802551 0.26548972725868225 0.2497524917125702
Incorrect 0 2 0.229171022772789 0.25515905022621155 0.26563283801078796 0.2500371038913727
Incorrect 0 2 0.22882729768753052 0.255391389131546 0.2655401825904846 0.25024110078811646
Incorrect 0 2 0.2290884107351303 0.2553723454475403 0.26529550552368164 0.2502436935901642
Incorrect 0 2 0.22896113991737366 0.25554728507995605 0.26536476612091064 0.25012680888175964
Incorrect 0 2 0.22965066134929657 0.2552087903022766 0.2651118040084839 0.2500287890434265
Incorrect 0 2 0.22883069515228271 0.25525444746017456 0.2654706835746765 0.2504442036151886
Incorrect 0 2 0.23066551983356476 0.2546963393688202 0.26404887437820435 0.2505892813205719
Incorrect 0 2 0.22907178103923798 0.2553892135620117 0.26534605026245117 0.25019294023513794
Incorrect 0 2 0.22935038805007935 0.25533527135849 0.2654283940792084 0.2498859167098999
Incorrect 0 2 0.22906818985939026 0.2552799582481384 0.26550641655921936 0.25014540553092957
Incorrect 0 2 0.22901545464992523 0.2554832696914673 0.26517173647880554 0.25032952427864075
Incorrect 0 2 0.22869354486465454 0.255388081073761 0.26578184962272644 0.2501365542411804
Incorrect 0 2 0.22909098863601685 0.2549801468849182 0.2654031217098236 0.2505257725715637
Incorrect 0 2 0.2297215759754181 0.2551880478858948 0.2649831771850586 0.2501072287559509
Incorrect 0 2 0.22888396680355072 0.25588515400886536 0.2654867470264435 0.24974411725997925
Incorrect 0 2 0.2290857881307602 0.25535234808921814 0.26526159048080444 0.25030025839805603
Incorrect 0 2 0.22934196889400482 0.2552100121974945 0.2654416263103485 0.2500063478946686
Incorrect 0 2 0.22902478277683258 0.2555708587169647 0.26532357931137085 0.25008079409599304
Incorrect 0 2 0.23073509335517883 0.2543604373931885 0.2637278735637665 0.2511765658855438
Incorrect 0 2 0.22905473411083221 0.2552427053451538 0.265758752822876 0.2499437928199768
Incorrect 0 2 0.22925621271133423 0.25558608770370483 0.26541510224342346 0.2497425526380539
Incorrect 0 2 0.22963224351406097 0.2554926574230194 0.2652705907821655 0.24960455298423767
Incorrect 0 2 0.22918741405010223 0.2553699016571045 0.2654246687889099 0.25001806020736694
Incorrect 0 2 0.2286495715379715 0.25590306520462036 0.26530879735946655 0.2501385509967804
Incorrect 0 2 0.22910656034946442 0.2554458975791931 0.2652975618839264 0.2501499652862549
Incorrect 0 2 0.22904253005981445 0.25519996881484985 0.26586049795150757 0.24989698827266693
Incorrect 0 2 0.2289254367351532 0.2555464208126068 0.26561439037323 0.24991373717784882
Incorrect 0 2 0.22896930575370789 0.255466490983963 0.26526305079460144 0.25030115246772766
Incorrect 0 2 0.22899022698402405 0.256207674741745 0.2654453217983246 0.24935674667358398
Incorrect 0 2 0.22892902791500092 0.25571316480636597 0.2650796175003052 0.25027814507484436
Incorrect 0 2 0.22906816005706787 0.2554929256439209 0.2653513550758362 0.25008752942085266
Incorrect 0 2 0.22936108708381653 0.2550294101238251 0.26529619097709656 0.25031328201293945
Incorrect 0 2 0.22927547991275787 0.25537216663360596 0.2650723159313202 0.2502800524234772
Incorrect 0 2 0.2287794053554535 0.2559466063976288 0.2652765214443207 0.24999743700027466
Incorrect 0 2 0.22885850071907043 0.25557830929756165 0.26545044779777527 0.2501128017902374
Incorrect 0 2 0.22887854278087616 0.2559014856815338 0.2655305862426758 0.24968941509723663
Incorrect 0 2 0.229079470038414 0.25562798976898193 0.26538151502609253 0.24991099536418915
Incorrect 0 2 0.22887176275253296 0.2555690407752991 0.2656131088733673 0.24994604289531708
Incorrect 0 2 0.22922517359256744 0.255539208650589 0.26533761620521545 0.2498980313539505
Incorrect 0 2 0.2290370911359787 0.255445271730423 0.26523125171661377 0.25028637051582336
Incorrect 0 2 0.2289358228445053 0.2553975582122803 0.265494167804718 0.2501724362373352
Incorrect 0 2 0.22908838093280792 0.2553815543651581 0.2653341591358185 0.2501959204673767
Incorrect 0 2 0.22912761569023132 0.25571200251579285 0.2653147876262665 0.24984560906887054
Incorrect 0 2 0.22899401187896729 0.2552550435066223 0.26564934849739075 0.25010165572166443
Incorrect 0 2 0.22915750741958618 0.2562345266342163 0.26507776975631714 0.24953019618988037
Incorrect 0 2 0.22939707338809967 0.2553032338619232 0.26507869362831116 0.25022098422050476
Incorrect 0 2 0.22920727729797363 0.2555437386035919 0.2653290331363678 0.24991995096206665
Incorrect 0 2 0.22910667955875397 0.25531092286109924 0.26569464802742004 0.24988770484924316
Incorrect 0 2 0.22936968505382538 0.2557750940322876 0.2650364339351654 0.24981877207756042
Incorrect 0 2 0.22899481654167175 0.25553739070892334 0.2653841972351074 0.2500835657119751
Incorrect 0 2 0.2293088138103485 0.25535717606544495 0.2653055191040039 0.25002849102020264
Incorrect 0 2 0.22911222279071808 0.2555486559867859 0.2655062973499298 0.24983282387256622
Incorrect 0 2 0.2291351556777954 0.2555169463157654 0.26538264751434326 0.24996523559093475
Incorrect 0 2 0.2292361557483673 0.25544607639312744 0.2653452157974243 0.24997258186340332
Incorrect 0 2 0.22952145338058472 0.2551342248916626 0.2649238109588623 0.2504205107688904
Incorrect 0 2 0.2290920615196228 0.2554487884044647 0.26551806926727295 0.24994111061096191
Incorrect 0 2 0.2290010005235672 0.25557395815849304 0.2655676305294037 0.24985742568969727
Incorrect 0 2 0.22917243838310242 0.2552129626274109 0.26528891921043396 0.25032562017440796
Incorrect 0 2 0.2292056530714035 0.2551761269569397 0.26577985286712646 0.24983836710453033
Incorrect 0 2 0.22892887890338898 0.2552000880241394 0.2656826972961426 0.25018832087516785
Incorrect 0 2 0.22872203588485718 0.255367249250412 0.26546725630760193 0.2504435181617737
Incorrect 0 2 0.2292824685573578 0.255383163690567 0.26508575677871704 0.25024861097335815
Incorrect 0 2 0.2293817400932312 0.2555602490901947 0.26514410972595215 0.24991391599178314
Incorrect 0 2 0.22912099957466125 0.2555078864097595 0.26522576808929443 0.2501453757286072
Incorrect 0 2 0.22898124158382416 0.2556759715080261 0.2654503285884857 0.249892458319664
Incorrect 0 2 0.2288978546857834 0.255642831325531 0.2654096782207489 0.2500496804714203
Incorrect 0 2 0.22972965240478516 0.2552449107170105 0.2650534212589264 0.24997203052043915
Incorrect 0 2 0.2292843610048294 0.25539031624794006 0.26531335711479187 0.25001201033592224
Incorrect 0 2 0.22914695739746094 0.2554734945297241 0.26531586050987244 0.2500637471675873
Incorrect 0 2 0.22914418578147888 0.2553744614124298 0.2654363512992859 0.2500450313091278
Incorrect 0 2 0.22933517396450043 0.25542140007019043 0.2652062773704529 0.25003719329833984
Incorrect 0 2 0.229140505194664 0.25548872351646423 0.2653217017650604 0.25004908442497253
Incorrect 0 2 0.2293146252632141 0.2552722692489624 0.2654467821121216 0.24996636807918549
Incorrect 0 2 0.22978220880031586 0.2551669180393219 0.26453280448913574 0.2505181133747101
Incorrect 0 2 0.2293369621038437 0.2554728388786316 0.26492926478385925 0.2502609193325043
Incorrect 1 2 0.2285882532596588 0.25474047660827637 0.26620185375213623 0.2504694163799286
Correct 2 2 0.228965163230896 0.25504767894744873 0.2650323808193207 0.25095483660697937
Incorrect 3 2 0.23014849424362183 0.25533327460289 0.26443859934806824 0.2500796318054199
