# Classification_Status TrueLabel PredictedLabel Conf_Class0 Conf_Class1 Conf_Class2 Conf_Class3
Incorrect 0 2 0.25708210468292236 0.2595980763435364 0.27157872915267944 0.21174107491970062
Incorrect 0 2 0.251106858253479 0.2636202573776245 0.2691723704338074 0.2161005586385727
Incorrect 0 2 0.25521761178970337 0.2565525472164154 0.27219557762145996 0.21603423357009888
Incorrect 0 2 0.24849261343479156 0.26189225912094116 0.2723546028137207 0.21726052463054657
Incorrect 0 2 0.25508373975753784 0.2581871747970581 0.2676068842411041 0.21912215650081635
Incorrect 0 2 0.25574812293052673 0.2510283887386322 0.27281513810157776 0.22040832042694092
Incorrect 0 2 0.2516900897026062 0.25999265909194946 0.2699297070503235 0.21838751435279846
Incorrect 0 2 0.25582897663116455 0.262856125831604 0.2650849521160126 0.21622999012470245
Incorrect 0 2 0.25619715452194214 0.2598009705543518 0.2688623070716858 0.21513956785202026
Incorrect 0 2 0.2558109760284424 0.25948894023895264 0.2711976170539856 0.21350246667861938
Incorrect 0 2 0.2525382936000824 0.2519646883010864 0.2726702094078064 0.22282682359218597
Incorrect 0 2 0.23969924449920654 0.25773125886917114 0.2694573700428009 0.2331121265888214
Incorrect 0 2 0.2527959942817688 0.26337936520576477 0.2712247669696808 0.21259984374046326
Incorrect 0 1 0.25102970004081726 0.26388344168663025 0.2637636959552765 0.2213231474161148
Incorrect 0 2 0.25008487701416016 0.26292282342910767 0.26954230666160583 0.21745003759860992
Incorrect 0 2 0.25241565704345703 0.2596782445907593 0.2665866017341614 0.22131949663162231
Incorrect 0 2 0.252395361661911 0.25908899307250977 0.2755187749862671 0.21299691498279572
Incorrect 0 2 0.24992802739143372 0.2631736993789673 0.270995169878006 0.21590308845043182
Incorrect 0 2 0.24807196855545044 0.2597135901451111 0.27022212743759155 0.2219923734664917
Incorrect 0 2 0.24608084559440613 0.24831195175647736 0.27479442954063416 0.23081277310848236
Incorrect 0 2 0.25327104330062866 0.2579966187477112 0.2722194492816925 0.21651291847229004
Incorrect 0 2 0.25374218821525574 0.2610820531845093 0.26626941561698914 0.21890632808208466
Incorrect 0 2 0.2526892125606537 0.25667867064476013 0.2743101716041565 0.21632198989391327
Incorrect 0 2 0.2553093731403351 0.2587389349937439 0.2686651349067688 0.21728652715682983
Incorrect 0 2 0.25208333134651184 0.26454660296440125 0.2728603780269623 0.21050968766212463
Incorrect 0 2 0.24912329018115997 0.2553195655345917 0.26816046237945557 0.22739677131175995
Incorrect 0 2 0.2531191110610962 0.2614498734474182 0.2678382694721222 0.2175927609205246
Incorrect 0 2 0.25153258442878723 0.26203644275665283 0.2703178822994232 0.21611309051513672
Incorrect 0 2 0.25431856513023376 0.2609403729438782 0.2698834240436554 0.21485768258571625
Incorrect 0 2 0.25228363275527954 0.2590976357460022 0.27262791991233826 0.21599081158638
Incorrect 0 2 0.25435447692871094 0.25723007321357727 0.27234938740730286 0.21606606245040894
Incorrect 0 2 0.25151315331459045 0.25853434205055237 0.27338847517967224 0.21656399965286255
Incorrect 0 2 0.23528973758220673 0.24934044480323792 0.26969143748283386 0.2456783801317215
Incorrect 0 2 0.24717916548252106 0.2576413154602051 0.2728366255760193 0.2223428636789322
Incorrect 0 2 0.2521144151687622 0.25862061977386475 0.2738773226737976 0.21538762748241425
Incorrect 0 2 0.25765758752822876 0.2591620981693268 0.2667769193649292 0.21640336513519287
Incorrect 0 2 0.23407848179340363 0.24567559361457825 0.26308342814445496 0.25716251134872437
Incorrect 0 2 0.2520485520362854 0.25592517852783203 0.2684473693370819 0.22357888519763947
Incorrect 0 2 0.246906116604805 0.2639424502849579 0.26698586344718933 0.22216558456420898
Incorrect 0 2 0.24995370209217072 0.2650615870952606 0.2701711654663086 0.21481351554393768
Incorrect 0 2 0.25692060589790344 0.2533607482910156 0.27117177844047546 0.2185467928647995
Incorrect 0 2 0.2539042830467224 0.25627467036247253 0.2714548110961914 0.21836626529693604
Incorrect 0 2 0.2579658031463623 0.25918179750442505 0.2715023458003998 0.21135009825229645
Incorrect 0 2 0.25071659684181213 0.26182350516319275 0.2718806564807892 0.21557921171188354
Incorrect 0 2 0.24725861847400665 0.2626964747905731 0.272541344165802 0.21750356256961823
Incorrect 0 2 0.2529895603656769 0.26199474930763245 0.2703475058078766 0.2146681398153305
Incorrect 0 2 0.2553686797618866 0.2564128637313843 0.26795583963394165 0.2202625721693039
Incorrect 0 2 0.248665452003479 0.26164454221725464 0.2714751660823822 0.21821483969688416
Incorrect 0 2 0.2523323893547058 0.2602158188819885 0.2689388692378998 0.21851295232772827
Incorrect 0 2 0.2504946291446686 0.26138395071029663 0.26955631375312805 0.21856510639190674
Incorrect 0 2 0.2492290735244751 0.2615033984184265 0.27056294679641724 0.21870458126068115
Incorrect 0 2 0.25195571780204773 0.26388615369796753 0.26439374685287476 0.21976439654827118
Incorrect 0 2 0.2460043877363205 0.25449833273887634 0.26936283707618713 0.23013445734977722
Incorrect 0 1 0.23530802130699158 0.2711562514305115 0.24991922080516815 0.2436164915561676
Incorrect 0 2 0.25294363498687744 0.26041749119758606 0.2690308690071106 0.2176080197095871
Incorrect 0 2 0.24532416462898254 0.2485787570476532 0.2760624587535858 0.23003467917442322
Incorrect 0 2 0.25321266055107117 0.25807222723960876 0.27421343326568604 0.21450166404247284
Incorrect 0 2 0.2550547420978546 0.2551850378513336 0.2717859447002411 0.2179742455482483
Incorrect 0 2 0.24935869872570038 0.2574790418148041 0.2744005024433136 0.21876180171966553
Incorrect 0 2 0.23652884364128113 0.2562146782875061 0.2655264139175415 0.24173007905483246
Incorrect 0 2 0.23271697759628296 0.24496324360370636 0.2735936939716339 0.24872611463069916
Incorrect 0 2 0.2500881552696228 0.26559993624687195 0.27125224471092224 0.2130596786737442
Incorrect 0 2 0.24463407695293427 0.25335898995399475 0.2719726860523224 0.23003427684307098
Incorrect 0 2 0.25478991866111755 0.26212456822395325 0.2708817720413208 0.2122037708759308
Incorrect 0 2 0.25112447142601013 0.26429376006126404 0.26726430654525757 0.21731744706630707
Incorrect 0 1 0.21848510205745697 0.27521541714668274 0.25213295221328735 0.25416654348373413
Incorrect 0 2 0.25054389238357544 0.2595621347427368 0.27342742681503296 0.2164665162563324
Incorrect 0 2 0.2551965117454529 0.25786641240119934 0.26981300115585327 0.2171240597963333
Incorrect 0 1 0.2400561422109604 0.26141345500946045 0.2563387453556061 0.24219167232513428
Incorrect 0 2 0.25521886348724365 0.26124337315559387 0.2658567428588867 0.21768103539943695
Incorrect 0 2 0.2484109252691269 0.26072147488594055 0.2643144428730011 0.22655317187309265
Incorrect 0 2 0.25483280420303345 0.2605445981025696 0.27042356133461 0.214199036359787
Incorrect 0 2 0.25071921944618225 0.2549552321434021 0.2774273455142975 0.21689823269844055
Incorrect 0 2 0.2496752291917801 0.2610871493816376 0.2702990174293518 0.21893860399723053
Incorrect 0 2 0.2509576976299286 0.2638569474220276 0.26958173513412476 0.21560363471508026
Incorrect 0 2 0.2548990547657013 0.26032230257987976 0.2680409848690033 0.21673765778541565
Incorrect 0 2 0.2487701028585434 0.26043960452079773 0.266557514667511 0.2242327481508255
Incorrect 0 2 0.25412774085998535 0.26137739419937134 0.2701888084411621 0.2143060266971588
Incorrect 0 2 0.25357067584991455 0.2563304007053375 0.2709776759147644 0.2191212922334671
Incorrect 0 2 0.2524459958076477 0.26199623942375183 0.26677802205085754 0.21877974271774292
Incorrect 0 2 0.2527124881744385 0.26209938526153564 0.2681832015514374 0.2170048952102661
Incorrect 0 2 0.24837766587734222 0.2581706643104553 0.2742411196231842 0.21921050548553467
Incorrect 0 1 0.23386207222938538 0.2756561040878296 0.2667727470397949 0.2237090766429901
Incorrect 0 2 0.2543206214904785 0.25797170400619507 0.2728884220123291 0.2148192673921585
Incorrect 0 2 0.25438016653060913 0.25571078062057495 0.27301809191703796 0.21689097583293915
Incorrect 0 2 0.2518375813961029 0.26080453395843506 0.27236950397491455 0.2149883657693863
Incorrect 0 2 0.2542935311794281 0.25995609164237976 0.2712723910808563 0.21447794139385223
Incorrect 0 2 0.25014233589172363 0.26261621713638306 0.2728055715560913 0.2144359052181244
Incorrect 0 2 0.24730245769023895 0.2604207694530487 0.27114784717559814 0.2211289256811142
Incorrect 0 2 0.24847161769866943 0.26392999291419983 0.27143386006355286 0.21616457402706146
Incorrect 0 2 0.24937477707862854 0.2603647708892822 0.27228352427482605 0.2179768979549408
Incorrect 0 1 0.21356061100959778 0.28143081068992615 0.25182345509529114 0.25318509340286255
Incorrect 0 2 0.25141334533691406 0.2617045044898987 0.26595231890678406 0.22092990577220917
Incorrect 0 2 0.25119534134864807 0.2593432068824768 0.27084487676620483 0.21861661970615387
Incorrect 0 2 0.25322234630584717 0.2604435086250305 0.27183037996292114 0.2145037204027176
Incorrect 0 2 0.2502550482749939 0.2607367932796478 0.2667892575263977 0.22221891582012177
Incorrect 0 2 0.2571360170841217 0.2582719326019287 0.2704257071018219 0.2141663283109665
Incorrect 0 2 0.2542191743850708 0.259247362613678 0.2709864675998688 0.21554699540138245
Incorrect 0 2 0.2518694996833801 0.25937145948410034 0.2702474296092987 0.21851159632205963
Incorrect 0 2 0.25629156827926636 0.26019924879074097 0.26907631754875183 0.21443291008472443
Incorrect 0 2 0.2556972801685333 0.25956258177757263 0.26759010553359985 0.21715004742145538
Incorrect 0 2 0.24941836297512054 0.26181939244270325 0.26331478357315063 0.22544743120670319
Incorrect 0 2 0.25131887197494507 0.25833484530448914 0.2747866213321686 0.21555966138839722
Incorrect 0 2 0.25376537442207336 0.2583736479282379 0.2723446786403656 0.2155163288116455
Incorrect 0 2 0.2498728632926941 0.25786519050598145 0.2713004946708679 0.22096140682697296
Incorrect 0 2 0.2519358992576599 0.25607460737228394 0.2673094868659973 0.22467996180057526
Incorrect 0 2 0.25217851996421814 0.2592940330505371 0.2737561762332916 0.21477128565311432
Incorrect 0 2 0.246844083070755 0.26029932498931885 0.270823210477829 0.22203339636325836
Incorrect 0 2 0.2569485902786255 0.25732821226119995 0.2664656937122345 0.21925748884677887
Incorrect 0 1 0.25350677967071533 0.26301905512809753 0.2594505548477173 0.22402361035346985
Incorrect 0 2 0.2512991726398468 0.26176562905311584 0.2662337124347687 0.22070150077342987
Incorrect 0 2 0.25356850028038025 0.2631579339504242 0.2700415551662445 0.21323202550411224
Incorrect 0 2 0.251071572303772 0.2552814185619354 0.27335378527641296 0.22029322385787964
Incorrect 0 2 0.23793433606624603 0.25196000933647156 0.2665868103504181 0.24351882934570312
Incorrect 0 2 0.2521444261074066 0.26083001494407654 0.27290746569633484 0.21411804854869843
Incorrect 0 2 0.25907543301582336 0.25738242268562317 0.27086395025253296 0.2126781940460205
Incorrect 0 2 0.25523099303245544 0.25808894634246826 0.27049514651298523 0.21618491411209106
Incorrect 0 2 0.25089189410209656 0.2607918083667755 0.26857638359069824 0.2197398990392685
Incorrect 0 2 0.2524968683719635 0.2640354633331299 0.26988646388053894 0.2135811448097229
Incorrect 0 2 0.25173720717430115 0.26253247261047363 0.2724556028842926 0.21327468752861023
Incorrect 0 2 0.2469550371170044 0.26009970903396606 0.2624582350254059 0.23048700392246246
Incorrect 0 1 0.24667222797870636 0.2617659568786621 0.25910335779190063 0.2324584275484085
Incorrect 1 2 0.21818919479846954 0.24963659048080444 0.2779586613178253 0.2542155385017395
Incorrect 2 3 0.20719614624977112 0.2636038064956665 0.26448988914489746 0.2647101581096649
Correct 3 3 0.21856386959552765 0.2709362208843231 0.21610933542251587 0.29439061880111694
